angle,vert_angle,dist,x,y,z,height
0.0,22.5,95.59071350097656,222.93045043945312,8.842792510986328,217.322509765625,38.259281158447266
1.0,22.5,95.44792938232422,223.85092163085938,8.915660858154297,216.21653747558594,38.259281158447266
2.0,22.5,95.30169677734375,224.74830627441406,8.990287780761719,215.0941619873047,38.259281158447266
3.0,22.5,95.21085357666016,225.6597900390625,9.03664779663086,213.98988342285156,38.259281158447266
4.0,22.5,95.23963928222656,226.62838745117188,9.021957397460938,212.93862915039062,38.259281158447266
5.0,22.5,95.30853271484375,227.60513305664062,8.986801147460938,211.8925323486328,38.259281158447266
6.0,22.5,95.3685302734375,228.55821228027344,8.9561767578125,210.8239288330078,38.259281158447266
7.0,22.5,95.47535705566406,229.52471923828125,8.901668548583984,209.7630157470703,38.259281158447266
8.0,22.5,95.639404296875,230.51275634765625,8.817935943603516,208.71385192871094,38.259281158447266
9.0,22.5,95.75738525390625,231.4518280029297,8.757747650146484,207.6222686767578,38.259281158447266
10.0,22.5,95.9388427734375,232.41734313964844,8.665122985839844,206.54446411132812,38.259281158447266
11.0,22.5,96.1446533203125,233.38279724121094,8.56009292602539,205.45950317382812,38.259281158447266
12.0,22.5,96.35277557373047,234.33255004882812,8.45388412475586,204.35633850097656,38.259281158447266
13.0,22.5,96.45405578613281,235.18679809570312,8.40219497680664,203.1852569580078,38.259281158447266
14.0,22.5,96.61551666259766,236.06556701660156,8.319801330566406,202.02491760253906,38.259281158447266
15.0,22.5,96.71968078613281,236.88258361816406,8.266632080078125,200.8225860595703,38.259281158447266
16.0,22.5,96.87199401855469,237.71542358398438,8.18890380859375,199.62498474121094,38.259281158447266
17.0,22.5,96.98667907714844,238.4998016357422,8.130374908447266,198.395751953125,38.259281158447266
18.0,22.5,97.04154968261719,239.2176513671875,8.102371215820312,197.12802124023438,38.259281158447266
19.0,22.5,97.12995910644531,239.93951416015625,8.057254791259766,195.8599395751953,38.259281158447266
20.0,22.5,97.16609191894531,240.59902954101562,8.038814544677734,194.5591278076172,38.259281158447266
21.0,22.5,97.1788558959961,241.21762084960938,8.032295227050781,193.23828125,38.259281158447266
22.0,22.5,97.09432983398438,241.73623657226562,8.075439453125,191.87374877929688,38.259281158447266
23.0,22.5,96.97740936279297,242.20465087890625,8.135101318359375,190.49105834960938,38.259281158447266
24.0,22.5,96.8302230834961,242.62396240234375,8.210224151611328,189.09262084960938,38.259281158447266
25.0,22.5,96.64945983886719,242.99090576171875,8.302482604980469,187.67921447753906,38.259281158447266
26.0,22.5,96.43065643310547,243.3013153076172,8.414138793945312,186.2514190673828,38.259281158447266
27.0,22.5,96.0987548828125,243.49330139160156,8.58353042602539,184.7911834716797,38.259281158447266
28.0,22.5,95.76968383789062,243.6605682373047,8.751457214355469,183.33331298828125,38.259281158447266
29.0,22.5,95.40029907226562,243.76766967773438,8.93996810913086,181.86782836914062,38.259281158447266
30.0,22.5,94.97727966308594,243.80316162109375,9.155853271484375,180.3939666748047,38.259281158447266
31.0,22.5,94.53802490234375,243.79776000976562,9.380020141601562,178.9224395751953,38.259281158447266
32.0,22.5,94.12081146240234,243.78359985351562,9.592945098876953,177.4619598388672,38.259281158447266
33.0,22.5,93.73543548583984,243.76934814453125,9.789608001708984,176.01380920410156,38.259281158447266
34.0,22.5,93.32662963867188,243.70887756347656,9.998241424560547,174.56790161132812,38.259281158447266
35.0,22.5,92.9035415649414,243.60995483398438,10.214168548583984,173.12713623046875,38.259281158447266
36.0,22.5,92.5060806274414,243.506591796875,10.417003631591797,171.6980743408203,38.259281158447266
37.0,22.5,92.17225646972656,243.43157958984375,10.587360382080078,170.28472900390625,38.259281158447266
38.0,22.5,91.91204071044922,243.39405822753906,10.720172882080078,168.8857421875,38.259281158447266
39.0,22.5,91.63017272949219,243.3131561279297,10.864002227783203,167.489501953125,38.259281158447266
40.0,22.5,91.3371810913086,243.1979522705078,11.013545989990234,166.0982666015625,38.259281158447266
41.0,22.5,91.09131622314453,243.09854125976562,11.13900375366211,164.716552734375,38.259281158447266
42.0,22.5,90.88567352294922,243.0093536376953,11.243961334228516,163.34237670898438,38.259281158447266
43.0,22.5,90.77765655517578,242.9799346923828,11.299079895019531,161.97622680664062,38.259281158447266
44.0,22.5,90.68592834472656,242.9406280517578,11.345897674560547,160.61270141601562,38.259281158447266
45.0,22.5,90.52518463134766,242.81817626953125,11.427928924560547,159.2512664794922,38.259281158447266
46.0,22.5,90.47242736816406,242.7648468017578,11.454849243164062,157.8932342529297,38.259281158447266
47.0,22.5,90.439208984375,242.7046356201172,11.471805572509766,156.53662109375,38.259281158447266
48.0,22.5,90.418701171875,242.63169860839844,11.482276916503906,155.1811981201172,38.259281158447266
49.0,22.5,90.35286712646484,242.49624633789062,11.515876770019531,153.83016967773438,38.259281158447266
50.0,22.5,90.388916015625,242.4246063232422,11.497474670410156,152.47532653808594,38.259281158447266
51.0,22.5,90.30364227294922,242.2255096435547,11.54098892211914,151.1320037841797,38.259281158447266
52.0,22.5,90.214111328125,241.99948120117188,11.586685180664062,149.79405212402344,38.259281158447266
53.0,22.5,90.08557891845703,241.7170867919922,11.65228271484375,148.46617126464844,38.259281158447266
54.0,22.5,90.05828857421875,241.4978790283203,11.666206359863281,147.13194274902344,38.259281158447266
55.0,22.5,89.96817779541016,241.20225524902344,11.712196350097656,145.81138610839844,38.259281158447266
56.0,22.5,89.78768920898438,240.80752563476562,11.804309844970703,144.5121307373047,38.259281158447266
57.0,22.5,89.6136703491211,240.3961639404297,11.893115997314453,143.2214813232422,38.259281158447266
58.0,22.5,89.4950180053711,240.0093231201172,11.953666687011719,141.93017578125,38.259281158447266
59.0,22.5,89.24873352050781,239.4938507080078,12.079349517822266,140.67379760742188,38.259281158447266
60.0,22.5,89.04515838623047,238.99293518066406,12.183242797851562,139.42079162597656,38.259281158447266
61.0,22.5,88.80427551269531,238.440185546875,12.306182861328125,138.18841552734375,38.259281158447266
62.0,22.5,88.61026763916016,237.9055938720703,12.405189514160156,136.95767211914062,38.259281158447266
63.0,22.5,88.51113891601562,237.42816162109375,12.455780029296875,135.7142333984375,38.259281158447266
64.0,22.5,88.37425994873047,236.89881896972656,12.525630950927734,134.49119567871094,38.259281158447266
65.0,22.5,88.22402954101562,236.33810424804688,12.602298736572266,133.28341674804688,38.259281158447266
66.0,22.5,88.20196533203125,235.86019897460938,12.613563537597656,132.04852294921875,38.259281158447266
67.0,22.5,88.11795806884766,235.3114776611328,12.656429290771484,130.84230041503906,38.259281158447266
68.0,22.5,88.0466537475586,234.75233459472656,12.692825317382812,129.6427459716797,38.259281158447266
69.0,22.5,88.12447357177734,234.2900848388672,12.653114318847656,128.4022979736328,38.259281158447266
70.0,22.5,88.19292449951172,233.79844665527344,12.618171691894531,127.17241668701172,38.259281158447266
71.0,22.5,88.22753143310547,233.2587890625,12.600509643554688,125.96305847167969,38.259281158447266
72.0,22.5,88.31278991699219,232.73675537109375,12.557003021240234,124.74319458007812,38.259281158447266
73.0,22.5,88.47608947753906,232.25225830078125,12.47365951538086,123.50012969970703,38.259281158447266
74.0,22.5,88.64144134521484,231.7465362548828,12.3892822265625,122.26272583007812,38.259281158447266
75.0,22.5,88.83816528320312,231.24147033691406,12.288883209228516,121.01871490478516,38.259281158447266
76.0,22.5,89.04676055908203,230.7220458984375,12.182430267333984,119.77595520019531,38.259281158447266
77.0,22.5,89.2955551147461,230.20875549316406,12.05545425415039,118.52151489257812,38.259281158447266
78.0,22.5,89.54023742675781,229.66868591308594,11.930591583251953,117.27501678466797,38.259281158447266
79.0,22.5,89.80168914794922,229.1168975830078,11.797157287597656,116.02703094482422,38.259281158447266
80.0,22.5,90.18694305419922,228.62860107421875,11.60055160522461,114.72478485107422,38.259281158447266
81.0,22.5,90.5391616821289,228.0912628173828,11.420795440673828,113.44319915771484,38.259281158447266
82.0,22.5,90.87333679199219,227.51609802246094,11.250251770019531,112.17621612548828,38.259281158447266
83.0,22.5,91.32554626464844,226.9960174560547,11.019474029541016,110.85321044921875,38.259281158447266
84.0,22.5,91.70834350585938,226.4022216796875,10.824111938476562,109.57160186767578,38.259281158447266
85.0,22.5,92.167236328125,225.83277893066406,10.589935302734375,108.25419616699219,38.259281158447266
86.0,22.5,92.62165832519531,225.2330322265625,10.358024597167969,106.94416046142578,38.259281158447266
87.0,22.5,93.11686706542969,224.6321563720703,10.10528564453125,105.61629486083984,38.259281158447266
88.0,22.5,93.54956817626953,223.96377563476562,9.884468078613281,104.33016967773438,38.259281158447266
89.0,22.5,94.07141876220703,223.3238983154297,9.618141174316406,102.99807739257812,38.259281158447266
90.0,22.5,94.54499816894531,222.62596130371094,9.37646484375,101.7010498046875,38.259281158447266
91.0,22.5,94.9829330444336,221.8790740966797,9.152965545654297,100.43336486816406,38.259281158447266
92.0,22.5,95.378662109375,221.08059692382812,8.951007843017578,99.20085144042969,38.259281158447266
93.0,22.5,95.72531127929688,220.22802734375,8.774097442626953,98.00970458984375,38.259281158447266
94.0,22.5,96.01365661621094,219.31790161132812,8.626953125,96.86792755126953,38.259281158447266
95.0,22.5,96.27961730957031,218.37229919433594,8.491207122802734,95.75408935546875,38.259281158447266
96.0,22.5,96.59471130371094,217.43101501464844,8.330406188964844,94.62162780761719,38.259281158447266
97.0,22.5,96.75595092773438,216.38465881347656,8.248123168945312,93.60684204101562,38.259281158447266
98.0,22.5,96.8956527709961,215.3076629638672,8.176826477050781,92.62374877929688,38.259281158447266
99.0,22.5,97.02764892578125,214.2080535888672,8.10946273803711,91.66368865966797,38.259281158447266
100.0,22.5,97.08612060546875,213.0538330078125,8.079620361328125,90.77349853515625,38.259281158447266
101.0,22.5,97.09729766845703,211.8607177734375,8.07391357421875,89.93675994873047,38.259281158447266
102.0,22.5,97.1092529296875,210.65338134765625,8.067817687988281,89.12030792236328,38.259281158447266
103.0,22.5,97.11886596679688,209.43075561523438,8.062915802001953,88.32664489746094,38.259281158447266
104.0,22.5,97.12614440917969,208.1933135986328,8.059192657470703,87.55609893798828,38.259281158447266
105.0,22.5,97.19690704345703,206.96994018554688,8.023086547851562,86.76000213623047,38.259281158447266
106.0,22.5,97.20198059082031,205.7044219970703,8.020503997802734,86.03419494628906,38.259281158447266
107.0,22.5,33.22423553466797,178.4552459716797,40.670875549316406,133.8391571044922,38.259281158447266
108.0,22.5,31.611600875854492,177.3804473876953,41.493865966796875,134.84149169921875,38.259281158447266
109.0,22.5,29.765727996826172,176.25648498535156,42.43589401245117,136.05331420898438,38.259281158447266
110.0,22.5,28.76420783996582,175.48756408691406,42.94700622558594,136.6393585205078,38.259281158447266
111.0,22.5,27.772907257080078,174.7462615966797,43.452903747558594,137.23699951171875,38.259281158447266
112.0,22.5,27.19751739501953,174.16981506347656,43.74654769897461,137.5246124267578,38.259281158447266
113.0,22.5,26.359943389892578,173.52137756347656,44.17399215698242,138.0343780517578,38.259281158447266
114.0,22.5,25.775352478027344,172.97218322753906,44.47233581542969,138.35714721679688,38.259281158447266
115.0,22.5,25.175121307373047,172.43226623535156,44.77865982055664,138.70516967773438,38.259281158447266
116.0,22.5,24.750354766845703,171.95654296875,44.99542999267578,138.92306518554688,38.259281158447266
117.0,22.5,24.358795166015625,171.49961853027344,45.19525909423828,139.12413024902344,38.259281158447266
118.0,22.5,23.952693939208984,171.04818725585938,45.402503967285156,139.3468780517578,38.259281158447266
119.0,22.5,23.69808006286621,170.642822265625,45.53245162963867,139.45408630371094,38.259281158447266
120.0,22.5,23.450698852539062,170.24468994140625,45.65869903564453,139.56338500976562,38.259281158447266
121.0,22.5,23.156431198120117,169.84226989746094,45.808876037597656,139.7196502685547,38.259281158447266
122.0,22.5,22.91073989868164,169.45640563964844,45.934261322021484,139.84327697753906,38.259281158447266
123.0,22.5,22.688016891479492,169.08055114746094,46.04792785644531,139.9551239013672,38.259281158447266
124.0,22.5,22.52366065979004,168.71969604492188,46.13180160522461,140.0249481201172,38.259281158447266
125.0,22.5,22.319316864013672,168.3564453125,46.236083984375,140.13536071777344,38.259281158447266
126.0,22.5,22.14348030090332,168.00213623046875,46.32582473754883,140.22840881347656,38.259281158447266
127.0,22.5,21.982135772705078,167.65386962890625,46.40816116333008,140.31568908691406,38.259281158447266
128.0,22.5,21.827733993530273,167.31031799316406,46.486961364746094,140.40342712402344,38.259281158447266
129.0,22.5,21.740615844726562,166.97686767578125,46.53142166137695,140.4398956298828,38.259281158447266
130.0,22.5,21.586088180541992,166.64019775390625,46.61028289794922,140.5400390625,38.259281158447266
131.0,22.5,21.419984817504883,166.30690002441406,46.69505310058594,140.65615844726562,38.259281158447266
132.0,22.5,21.342653274536133,165.98239135742188,46.734519958496094,140.70201110839844,38.259281158447266
133.0,22.5,21.312191009521484,165.6614227294922,46.750064849853516,140.7133026123047,38.259281158447266
134.0,22.5,21.290367126464844,165.34129333496094,46.761199951171875,140.7227783203125,38.259281158447266
135.0,22.5,21.246862411499023,165.0216522216797,46.78340530395508,140.75648498535156,38.259281158447266
136.0,22.5,21.21979331970215,164.70309448242188,46.797218322753906,140.78163146972656,38.259281158447266
137.0,22.5,21.215435028076172,164.3848114013672,46.799442291259766,140.7928009033203,38.259281158447266
138.0,22.5,21.1857967376709,164.0679168701172,46.81456756591797,140.83123779296875,38.259281158447266
139.0,22.5,21.14193344116211,163.75299072265625,46.836952209472656,140.8873748779297,38.259281158447266
140.0,22.5,21.13540267944336,163.4370574951172,46.84028244018555,140.91696166992188,38.259281158447266
141.0,22.5,21.105140686035156,163.1238555908203,46.85573196411133,140.97235107421875,38.259281158447266
142.0,22.5,21.09119987487793,162.81044006347656,46.86284637451172,141.0192108154297,38.259281158447266
143.0,22.5,21.145057678222656,162.4901580810547,46.835357666015625,141.0137481689453,38.259281158447266
144.0,22.5,21.184242248535156,162.1709747314453,46.81535720825195,141.02645874023438,38.259281158447266
145.0,22.5,21.217981338500977,161.85226440429688,46.79813766479492,141.04945373535156,38.259281158447266
146.0,22.5,21.259414672851562,161.5322723388672,46.77699279785156,141.07159423828125,38.259281158447266
147.0,22.5,21.235322952270508,161.22364807128906,46.78929901123047,141.1545867919922,38.259281158447266
148.0,22.5,21.33722686767578,160.892822265625,46.73728561401367,141.13723754882812,38.259281158447266
149.0,22.5,21.500757217407227,160.54757690429688,46.65382766723633,141.07455444335938,38.259281158447266
150.0,22.5,21.643754959106445,160.20343017578125,46.580848693847656,141.03558349609375,38.259281158447266
151.0,22.5,21.753103256225586,159.86447143554688,46.52504348754883,141.03103637695312,38.259281158447266
152.0,22.5,21.881793975830078,159.51910400390625,46.459373474121094,141.01693725585938,38.259281158447266
153.0,22.5,22.02057456970215,159.16903686523438,46.3885498046875,141.00119018554688,38.259281158447266
154.0,22.5,22.08955955505371,158.83616638183594,46.35334014892578,141.04901123046875,38.259281158447266
155.0,22.5,22.272537231445312,158.46990966796875,46.25996398925781,141.01077270507812,38.259281158447266
156.0,22.5,22.500967025756836,158.0865936279297,46.14338684082031,140.94334411621094,38.259281158447266
157.0,22.5,22.72378158569336,157.70074462890625,46.0296745300293,140.8883514404297,38.259281158447266
158.0,22.5,22.819807052612305,157.3532257080078,45.98066329956055,140.94186401367188,38.259281158447266
159.0,22.5,22.989486694335938,156.97976684570312,45.894073486328125,140.94406127929688,38.259281158447266
160.0,22.5,23.315052032470703,156.5477752685547,45.72792434692383,140.83216857910156,38.259281158447266
161.0,22.5,23.60274887084961,156.12367248535156,45.58110427856445,140.7592315673828,38.259281158447266
162.0,22.5,23.895606994628906,155.69248962402344,45.431644439697266,140.69166564941406,38.259281158447266
163.0,22.5,24.18827247619629,155.25636291503906,45.28227996826172,140.63380432128906,38.259281158447266
164.0,22.5,24.684972763061523,154.73080444335938,45.02880096435547,140.4319305419922,38.259281158447266
165.0,22.5,25.144031524658203,154.21141052246094,44.79452133178711,140.27099609375,38.259281158447266
166.0,22.5,25.617206573486328,153.67710876464844,44.553035736083984,140.11221313476562,38.259281158447266
167.0,22.5,26.185409545898438,153.09095764160156,44.263065338134766,139.89703369140625,38.259281158447266
168.0,22.5,27.142072677612305,152.31277465820312,43.77484130859375,139.41600036621094,38.259281158447266
169.0,22.5,27.983497619628906,151.56951904296875,43.345428466796875,139.038818359375,38.259281158447266
170.0,22.5,29.398441314697266,150.5276336669922,42.62332534790039,138.27696228027344,38.259281158447266
171.0,22.5,92.82154846191406,118.23519134521484,10.256004333496094,94.31494140625,38.259281158447266
172.0,22.5,93.20974731445312,116.91277313232422,10.05788803100586,94.87322235107422,38.259281158447266
173.0,22.5,93.66563415527344,115.5599365234375,9.825233459472656,95.41207885742188,38.259281158447266
174.0,22.5,94.10435485839844,114.22061920166016,9.601337432861328,95.99018096923828,38.259281158447266
175.0,22.5,94.56465148925781,112.87462615966797,9.366432189941406,96.58149719238281,38.259281158447266
176.0,22.5,94.9572982788086,111.5718994140625,9.166038513183594,97.24472045898438,38.259281158447266
177.0,22.5,95.33201599121094,110.28683471679688,8.974811553955078,97.94593811035156,38.259281158447266
178.0,22.5,95.72651672363281,108.99846649169922,8.773487091064453,98.66082000732422,38.259281158447266
179.0,22.5,95.99442291259766,107.79386901855469,8.636749267578125,99.48064422607422,38.259281158447266
180.0,22.5,96.32471466064453,106.56304931640625,8.468193054199219,100.28614044189453,38.259281158447266
181.0,22.5,96.58946228027344,105.38343811035156,8.333087921142578,101.15579223632812,38.259281158447266
182.0,22.5,96.75782012939453,104.27690124511719,8.24716567993164,102.10546875,38.259281158447266
183.0,22.5,96.9448471069336,103.17349243164062,8.151718139648438,103.0654067993164,38.259281158447266
184.0,22.5,97.08433532714844,102.11592102050781,8.080528259277344,104.0734634399414,38.259281158447266
185.0,22.5,97.1166000366211,101.14518737792969,8.064075469970703,105.16087341308594,38.259281158447266
186.0,22.5,97.06945037841797,100.2462387084961,8.088134765625,106.3085708618164,38.259281158447266
187.0,22.5,96.9930419921875,99.38768005371094,8.127128601074219,107.48677062988281,38.259281158447266
188.0,22.5,96.8199462890625,98.61676025390625,8.215465545654297,108.72911834716797,38.259281158447266
189.0,22.5,96.61834716796875,97.88900756835938,8.318347930908203,109.99707794189453,38.259281158447266
190.0,22.5,96.37151336669922,97.21702575683594,8.444320678710938,111.29753112792969,38.259281158447266
191.0,22.5,96.07585144042969,96.60472869873047,8.595207214355469,112.63001251220703,38.259281158447266
192.0,22.5,95.73611450195312,96.0499496459961,8.768596649169922,113.99003601074219,38.259281158447266
193.0,22.5,95.4222412109375,95.50291442871094,8.928764343261719,115.34339141845703,38.259281158447266
194.0,22.5,95.00863647460938,95.05546569824219,9.139842987060547,116.74645233154297,38.259281158447266
195.0,22.5,94.5886001586914,94.64048767089844,9.354206085205078,118.15457916259766,38.259281158447266
196.0,22.5,94.15460205078125,94.2637710571289,9.575687408447266,119.5700912475586,38.259281158447266
197.0,22.5,93.75849151611328,93.88622283935547,9.777847290039062,120.97086334228516,38.259281158447266
198.0,22.5,93.35009002685547,93.54532623291016,9.986274719238281,122.37757110595703,38.259281158447266
199.0,22.5,92.97869873046875,93.2032241821289,10.175796508789062,123.77050018310547,38.259281158447266
200.0,22.5,92.61125183105469,92.88482666015625,10.363327026367188,125.16273498535156,38.259281158447266
201.0,22.5,92.23332977294922,92.60130310058594,10.556194305419922,126.55897521972656,38.259281158447266
202.0,22.5,91.9939193725586,92.23494720458984,10.67837905883789,127.90791320800781,38.259281158447266
203.0,22.5,91.74462890625,91.90145111083984,10.805606842041016,129.26290893554688,38.259281158447266
204.0,22.5,91.53138732910156,91.5641098022461,10.914424896240234,130.60885620117188,38.259281158447266
205.0,22.5,91.35195922851562,91.2241439819336,11.006000518798828,131.94749450683594,38.259281158447266
206.0,22.5,91.25817108154297,90.83894348144531,11.053852081298828,133.26510620117188,38.259281158447266
207.0,22.5,91.14005279541016,90.49712371826172,11.114147186279297,134.59446716308594,38.259281158447266
208.0,22.5,91.09251403808594,90.12109375,11.13840103149414,135.9099578857422,38.259281158447266
209.0,22.5,91.0778579711914,89.74113464355469,11.1458740234375,137.22328186035156,38.259281158447266
210.0,22.5,91.06371307373047,89.38378143310547,11.153091430664062,138.54269409179688,38.259281158447266
211.0,22.5,91.1543960571289,88.96216583251953,11.106815338134766,139.8458709716797,38.259281158447266
212.0,22.5,91.24710083007812,88.56133270263672,11.059501647949219,141.1571502685547,38.259281158447266
213.0,22.5,91.363037109375,88.16361999511719,11.000347137451172,142.4723663330078,38.259281158447266
214.0,22.5,91.53290557861328,87.74305725097656,10.913650512695312,143.7870635986328,38.259281158447266
215.0,22.5,91.70184326171875,87.3458251953125,10.827430725097656,145.1115264892578,38.259281158447266
216.0,22.5,91.8943099975586,86.95137023925781,10.729209899902344,146.4419708251953,38.259281158447266
217.0,22.5,92.1938705444336,86.48858642578125,10.576332092285156,147.7689208984375,38.259281158447266
218.0,22.5,92.44947814941406,86.0859375,10.44588851928711,149.11288452148438,38.259281158447266
219.0,22.5,92.7704086303711,85.6505126953125,10.2821044921875,150.46148681640625,38.259281158447266
220.0,22.5,93.16336822509766,85.17652130126953,10.081562042236328,151.81668090820312,38.259281158447266
221.0,22.5,93.49593353271484,84.77758026123047,9.911842346191406,153.1895751953125,38.259281158447266
222.0,22.5,93.90909576416016,84.33312225341797,9.700984954833984,154.57037353515625,38.259281158447266
223.0,22.5,94.29918670654297,83.93238067626953,9.501903533935547,155.96568298339844,38.259281158447266
224.0,22.5,94.68401336669922,83.5604019165039,9.305519104003906,157.37371826171875,38.259281158447266
225.0,22.5,95.00592803955078,83.26709747314453,9.141231536865234,158.79396057128906,38.259281158447266
226.0,22.5,95.3927993774414,82.94277954101562,8.943794250488281,160.22476196289062,38.259281158447266
227.0,22.5,95.68778991699219,82.72261047363281,8.79324722290039,161.6642608642578,38.259281158447266
228.0,22.5,95.99852752685547,82.51425170898438,8.63467025756836,163.1124725341797,38.259281158447266
229.0,22.5,96.23802185058594,82.392578125,8.512447357177734,164.56466674804688,38.259281158447266
230.0,22.5,96.39407348632812,82.36807250976562,8.432807922363281,166.0163116455078,38.259281158447266
231.0,22.5,96.54690551757812,82.37186431884766,8.354808807373047,167.47019958496094,38.259281158447266
232.0,22.5,96.49418640136719,82.57677459716797,8.381717681884766,168.905029296875,38.259281158447266
233.0,22.5,95.37037658691406,83.71913146972656,8.95523452758789,170.209716796875,38.259281158447266
234.0,22.5,94.12879180908203,84.98170471191406,9.5888671875,171.46200561523438,38.259281158447266
235.0,22.5,92.99198913574219,86.17415618896484,10.169029235839844,172.68911743164062,38.259281158447266
236.0,22.5,91.78412628173828,87.44477081298828,10.785442352294922,173.86692810058594,38.259281158447266
237.0,22.5,90.72174072265625,88.6097412109375,11.327617645263672,175.03024291992188,38.259281158447266
238.0,22.5,89.77458953857422,89.69482421875,11.810985565185547,176.17950439453125,38.259281158447266
239.0,22.5,88.87319946289062,90.75830078125,12.271007537841797,177.3052215576172,38.259281158447266
240.0,22.5,88.16128540039062,91.68040466308594,12.634326934814453,178.4408721923828,38.259281158447266
241.0,22.5,87.45850372314453,92.61180114746094,12.992984771728516,179.55206298828125,38.259281158447266
242.0,22.5,86.78282165527344,93.53717803955078,13.337806701660156,180.64344787597656,38.259281158447266
243.0,22.5,86.21202087402344,94.39257049560547,13.629112243652344,181.73646545410156,38.259281158447266
244.0,22.5,85.7257308959961,95.19544219970703,13.877281188964844,182.82974243164062,38.259281158447266
245.0,22.5,85.29701232910156,95.96827697753906,14.096073150634766,183.91873168945312,38.259281158447266
246.0,22.5,84.88046264648438,96.74797821044922,14.308658599853516,184.9917449951172,38.259281158447266
247.0,22.5,84.58148956298828,97.45016479492188,14.461235046386719,186.08277893066406,38.259281158447266
248.0,22.5,84.3013916015625,98.15460205078125,14.604175567626953,187.16354370117188,38.259281158447266
249.0,22.5,84.11241912841797,98.80447387695312,14.700614929199219,188.2596893310547,38.259281158447266
250.0,22.5,83.91890716552734,99.4757308959961,14.799373626708984,189.34007263183594,38.259281158447266
251.0,22.5,83.82200622558594,100.0897216796875,14.848831176757812,190.442138671875,38.259281158447266
252.0,22.5,83.79552459716797,100.66816711425781,14.862350463867188,191.55938720703125,38.259281158447266
253.0,22.5,83.81173706054688,101.23338317871094,14.854068756103516,192.68313598632812,38.259281158447266
254.0,22.5,83.89093017578125,101.77079010009766,14.813648223876953,193.82321166992188,38.259281158447266
255.0,22.5,84.03251647949219,102.28205108642578,14.741397857666016,194.9814453125,38.259281158447266
256.0,22.5,84.17158508300781,102.8163833618164,14.670429229736328,196.13131713867188,38.259281158447266
257.0,22.5,84.42585754394531,103.28760528564453,14.540657043457031,197.32571411132812,38.259281158447266
258.0,22.5,84.71075439453125,103.75953674316406,14.395267486572266,198.52923583984375,38.259281158447266
259.0,22.5,85.08651733398438,104.1898422241211,14.203498840332031,199.77142333984375,38.259281158447266
260.0,22.5,85.48888397216797,104.62615203857422,13.998161315917969,201.02362060546875,38.259281158447266
261.0,22.5,85.95881652832031,105.04063415527344,13.75832748413086,202.3069610595703,38.259281158447266
262.0,22.5,86.48066711425781,105.4458999633789,13.492000579833984,203.61532592773438,38.259281158447266
263.0,22.5,87.05358123779297,105.843994140625,13.199626922607422,204.94955444335938,38.259281158447266
264.0,22.5,87.68084716796875,106.23426818847656,12.879505157470703,206.312744140625,38.259281158447266
265.0,22.5,88.39698028564453,106.59553527832031,12.514041900634766,207.72511291503906,38.259281158447266
266.0,22.5,89.14484405517578,106.96771240234375,12.132373809814453,209.15699768066406,38.259281158447266
267.0,22.5,89.93952941894531,107.34223175048828,11.726810455322266,210.61746215820312,38.259281158447266
268.0,22.5,90.75393676757812,107.7377700805664,11.311187744140625,212.0915069580078,38.259281158447266
269.0,22.5,91.53343963623047,108.18904876708984,10.913379669189453,213.5465545654297,38.259281158447266
270.0,22.5,92.31700134277344,108.67132568359375,10.513496398925781,215.00430297851562,38.259281158447266
271.0,22.5,93.1040267944336,109.18525695800781,10.111846923828125,216.4638214111328,38.259281158447266
272.0,22.5,93.85824584960938,109.75242614746094,9.726940155029297,217.9017333984375,38.259281158447266
273.0,22.5,94.60823059082031,110.35542297363281,9.344192504882812,219.33453369140625,38.259281158447266
274.0,22.5,95.18211364746094,111.09137725830078,9.051311492919922,220.65000915527344,38.259281158447266
275.0,22.5,95.7071533203125,111.8837890625,8.783367156982422,221.9259490966797,38.259281158447266
276.0,22.5,96.12659454345703,112.76180267333984,8.569316864013672,223.12252807617188,38.259281158447266
277.0,22.5,96.46910858154297,113.70632934570312,8.39450454711914,224.2554931640625,38.259281158447266
278.0,22.5,96.70417785644531,114.73041534423828,8.274539947509766,225.30133056640625,38.259281158447266
279.0,22.5,96.87661743164062,115.80718231201172,8.18655014038086,226.28775024414062,38.259281158447266
280.0,22.5,97.02505493164062,116.91497039794922,8.110790252685547,227.23983764648438,38.259281158447266
281.0,22.5,97.12966918945312,118.06224060058594,8.057395935058594,228.14256286621094,38.259281158447266
282.0,22.5,97.18473815917969,119.24967956542969,8.029304504394531,228.9903106689453,38.259281158447266
283.0,22.5,97.23783874511719,120.453369140625,8.002197265625,229.81625366210938,38.259281158447266
284.0,22.5,97.23783111572266,121.695556640625,8.002197265625,230.58236694335938,38.259281158447266
285.0,22.5,97.23783874511719,122.95094299316406,8.002197265625,231.3267059326172,38.259281158447266
286.0,22.5,97.23783874511719,124.21910858154297,8.002197265625,232.04901123046875,38.259281158447266
287.0,22.5,97.23783874511719,125.49970245361328,8.002197265625,232.7490692138672,38.259281158447266
288.0,22.5,97.23783874511719,126.79235076904297,8.002197265625,233.42669677734375,38.259281158447266
289.0,22.5,97.2737045288086,128.08297729492188,7.98388671875,234.10931396484375,38.259281158447266
290.0,22.5,97.27372741699219,129.39894104003906,7.98388671875,234.7416534423828,38.259281158447266
291.0,22.5,97.31253814697266,130.71206665039062,7.964076995849609,235.38136291503906,38.259281158447266
292.0,22.5,97.34548950195312,132.03868103027344,7.947257995605469,235.99365234375,38.259281158447266
293.0,22.5,97.4034423828125,133.3681640625,7.917686462402344,236.60281372070312,38.259281158447266
294.0,22.5,97.46047973632812,134.7091064453125,7.888580322265625,237.18824768066406,38.259281158447266
295.0,22.5,97.59374237060547,136.03829956054688,7.820575714111328,237.81204223632812,38.259281158447266
296.0,22.5,97.77178955078125,137.36740112304688,7.729705810546875,238.4495849609375,38.259281158447266
297.0,22.5,97.96058654785156,138.7070770263672,7.633358001708984,239.073486328125,38.259281158447266
298.0,22.5,98.16810607910156,140.055419921875,7.527446746826172,239.6901397705078,38.259281158447266
299.0,22.5,98.34983825683594,141.42344665527344,7.434696197509766,240.2627716064453,38.259281158447266
300.0,22.5,98.54856872558594,142.80006408691406,7.333274841308594,240.82627868652344,38.259281158447266
301.0,22.5,98.71635437011719,144.19569396972656,7.247650146484375,241.3406219482422,38.259281158447266
302.0,22.5,98.81409454345703,145.6162872314453,7.197765350341797,241.77249145507812,38.259281158447266
303.0,22.5,98.84750366210938,147.05726623535156,7.18072509765625,242.125732421875,38.259281158447266
304.0,22.5,98.86198425292969,148.50782775878906,7.173328399658203,242.43789672851562,38.259281158447266
305.0,22.5,98.829833984375,149.97091674804688,7.189746856689453,242.68527221679688,38.259281158447266
306.0,22.5,98.708984375,151.4497528076172,7.251415252685547,242.83168029785156,38.259281158447266
307.0,22.5,98.58264923095703,152.9298553466797,7.315887451171875,242.94732666015625,38.259281158447266
308.0,22.5,98.4136734008789,154.4143829345703,7.402126312255859,243.00048828125,38.259281158447266
309.0,22.5,98.328125,155.88941955566406,7.4457855224609375,243.0987548828125,38.259281158447266
310.0,22.5,98.14729309082031,157.37200927734375,7.538074493408203,243.08953857421875,38.259281158447266
311.0,22.5,97.97764587402344,158.850830078125,7.624637603759766,243.06381225585938,38.259281158447266
312.0,22.5,97.82059478759766,160.3258819580078,7.704799652099609,243.02294921875,38.259281158447266
313.0,22.5,97.49391174316406,161.8031005859375,7.87152099609375,242.81045532226562,38.259281158447266
314.0,22.5,97.33128356933594,163.26861572265625,7.954521179199219,242.713134765625,38.259281158447266
315.0,22.5,96.95146942138672,164.7303009033203,8.148345947265625,242.4034423828125,38.259281158447266
316.0,22.5,96.79584503173828,166.18348693847656,8.227767944335938,242.26109313964844,38.259281158447266
317.0,22.5,96.549560546875,167.62916564941406,8.353443145751953,242.01553344726562,38.259281158447266
318.0,22.5,96.36172485351562,169.06907653808594,8.449302673339844,241.79513549804688,38.259281158447266
319.0,22.5,96.3088150024414,170.5098876953125,8.476322174072266,241.66558837890625,38.259281158447266
320.0,22.5,96.16661834716797,171.94094848632812,8.548885345458984,241.4344482421875,38.259281158447266
321.0,22.5,96.08963012695312,173.371337890625,8.588172912597656,241.23435974121094,38.259281158447266
322.0,22.5,96.24388885498047,174.82057189941406,8.509445190429688,241.2069091796875,38.259281158447266
323.0,22.5,96.29960632324219,176.2598114013672,8.481010437011719,241.06993103027344,38.259281158447266
324.0,22.5,96.47836303710938,177.71353149414062,8.389789581298828,241.01229858398438,38.259281158447266
325.0,22.5,96.84243774414062,179.1958770751953,8.203983306884766,241.0858917236328,38.259281158447266
326.0,22.5,97.18226623535156,180.68075561523438,8.030559539794922,241.1121368408203,38.259281158447266
327.0,22.5,97.55603790283203,182.17689514160156,7.839817047119141,241.14002990722656,38.259281158447266
328.0,22.5,98.02168273925781,183.69625854492188,7.6021728515625,241.21763610839844,38.259281158447266
329.0,22.5,98.44335174560547,185.2145233154297,7.386989593505859,241.23040771484375,38.259281158447266
330.0,22.5,98.96961975097656,186.76194763183594,7.118400573730469,241.30203247070312,38.259281158447266
331.0,22.5,99.43057250976562,188.30271911621094,6.883171081542969,241.29052734375,38.259281158447266
332.0,22.5,99.89695739746094,189.85096740722656,6.6451416015625,241.25466918945312,38.259281158447266
349.0,22.5,99.73934936523438,212.72900390625,6.725578308105469,230.27447509765625,38.259281158447266
350.0,22.5,99.25182342529297,213.7256317138672,6.974388122558594,229.08599853515625,38.259281158447266
351.0,22.5,98.84170532226562,214.73443603515625,7.183681488037109,227.93844604492188,38.259281158447266
352.0,22.5,98.40266418457031,215.70314025878906,7.407749176025391,226.75726318359375,38.259281158447266
353.0,22.5,97.93751525878906,216.632080078125,7.645130157470703,225.5456085205078,38.259281158447266
354.0,22.5,97.46829223632812,217.53204345703125,7.884590148925781,224.31951904296875,38.259281158447266
355.0,22.5,97.11524200439453,218.4690399169922,8.064765930175781,223.15908813476562,38.259281158447266
356.0,22.5,96.76094055175781,219.38092041015625,8.245582580566406,221.98507690429688,38.259281158447266
357.0,22.5,96.42074584960938,220.27622985839844,8.419197082519531,220.8079071044922,38.259281158447266
358.0,22.5,96.05088806152344,221.12974548339844,8.60794448852539,219.60003662109375,38.259281158447266
359.0,22.5,95.81421661376953,222.03736877441406,8.72873306274414,218.46385192871094,38.259281158447266
40.0,16.875,99.40972137451172,253.12066650390625,13.080219268798828,170.3087921142578,38.259281158447266
41.0,16.875,98.83892059326172,252.79690551757812,13.336002349853516,168.71267700195312,38.259281158447266
42.0,16.875,98.44080352783203,252.59815979003906,13.514400482177734,167.14559936523438,38.259281158447266
43.0,16.875,97.97268676757812,252.30917358398438,13.724163055419922,165.5836944580078,38.259281158447266
44.0,16.875,97.67632293701172,252.14576721191406,13.856971740722656,164.04318237304688,38.259281158447266
45.0,16.875,97.40521240234375,251.97784423828125,13.978466033935547,162.5112762451172,38.259281158447266
46.0,16.875,97.20249938964844,251.84420776367188,14.069293975830078,160.9881591796875,38.259281158447266
47.0,16.875,97.0479507446289,251.72702026367188,14.138557434082031,159.47096252441406,38.259281158447266
48.0,16.875,96.90798950195312,251.59642028808594,14.201255798339844,157.9583282470703,38.259281158447266
49.0,16.875,96.84394073486328,251.50732421875,14.229972839355469,156.44833374023438,38.259281158447266
50.0,16.875,96.67420196533203,251.2975616455078,14.306034088134766,154.9456024169922,38.259281158447266
51.0,16.875,96.63398742675781,251.17727661132812,14.324050903320312,153.44192504882812,38.259281158447266
52.0,16.875,96.5113296508789,250.95736694335938,14.379016876220703,151.94723510742188,38.259281158447266
53.0,16.875,96.34373474121094,250.67161560058594,14.454113006591797,150.46250915527344,38.259281158447266
54.0,16.875,96.22130584716797,250.40036010742188,14.508975982666016,148.9808807373047,38.259281158447266
55.0,16.875,96.10078430175781,250.105224609375,14.562980651855469,147.50588989257812,38.259281158447266
56.0,16.875,95.88255310058594,249.69833374023438,14.660770416259766,146.0513458251953,38.259281158447266
57.0,16.875,95.68222045898438,249.2824249267578,14.750537872314453,144.60479736328125,38.259281158447266
58.0,16.875,95.51490020751953,248.87088012695312,14.82553482055664,143.16331481933594,38.259281158447266
59.0,16.875,95.29034423828125,248.38465881347656,14.926143646240234,141.7421875,38.259281158447266
60.0,16.875,95.0468521118164,247.85792541503906,15.035255432128906,140.33689880371094,38.259281158447266
61.0,16.875,94.88187408447266,247.3758087158203,15.10919189453125,138.92808532714844,38.259281158447266
62.0,16.875,94.60364532470703,246.77188110351562,15.23386001586914,137.55612182617188,38.259281158447266
63.0,16.875,94.33844757080078,246.1564483642578,15.352706909179688,136.19590759277344,38.259281158447266
64.0,16.875,94.03788757324219,245.48825073242188,15.487388610839844,134.85972595214844,38.259281158447266
65.0,16.875,93.71183776855469,244.77651977539062,15.63348388671875,133.54681396484375,38.259281158447266
66.0,16.875,93.50804138183594,244.1470947265625,15.724811553955078,132.21629333496094,38.259281158447266
67.0,16.875,93.28353881835938,243.47816467285156,15.82541275024414,130.90621948242188,38.259281158447266
68.0,16.875,93.0899429321289,242.8135223388672,15.912162780761719,129.60153198242188,38.259281158447266
69.0,16.875,92.80299377441406,242.0497589111328,16.040752410888672,128.3423309326172,38.259281158447266
70.0,16.875,92.71788024902344,241.43228149414062,16.078887939453125,127.0311279296875,38.259281158447266
71.0,16.875,92.61210632324219,240.77565002441406,16.126285552978516,125.73956298828125,38.259281158447266
72.0,16.875,92.52789306640625,240.11474609375,16.164020538330078,124.4531021118164,38.259281158447266
73.0,16.875,92.47284698486328,239.45553588867188,16.18869400024414,123.16825103759766,38.259281158447266
74.0,16.875,92.47962188720703,238.82376098632812,16.185657501220703,121.87100982666016,38.259281158447266
75.0,16.875,92.51941680908203,238.19552612304688,16.167823791503906,120.57119750976562,38.259281158447266
76.0,16.875,92.6583480834961,237.62213134765625,16.10556411743164,119.23941040039062,38.259281158447266
77.0,16.875,92.79512786865234,237.0228729248047,16.044273376464844,117.91690063476562,38.259281158447266
78.0,16.875,92.9411849975586,236.40667724609375,15.978816986083984,116.59898376464844,38.259281158447266
79.0,16.875,93.20997619628906,235.85972595214844,15.858379364013672,115.2323989868164,38.259281158447266
80.0,16.875,93.35469055175781,235.19346618652344,15.793529510498047,113.93197631835938,38.259281158447266
81.0,16.875,93.64286041259766,234.6100311279297,15.664398193359375,112.57027435302734,38.259281158447266
82.0,16.875,93.89240264892578,233.9720001220703,15.552581787109375,111.23492431640625,38.259281158447266
83.0,16.875,94.27122497558594,233.4023895263672,15.382820129394531,109.84028625488281,38.259281158447266
84.0,16.875,94.58230590820312,232.7564697265625,15.243427276611328,108.48722839355469,38.259281158447266
85.0,16.875,95.03536224365234,232.1845245361328,15.040412902832031,107.06416320800781,38.259281158447266
86.0,16.875,95.49430084228516,231.58753967285156,14.83475112915039,105.6424331665039,38.259281158447266
87.0,16.875,95.96484375,230.9693145751953,14.6239013671875,104.21917724609375,38.259281158447266
88.0,16.875,96.61521911621094,230.44345092773438,14.332462310791016,102.69645690917969,38.259281158447266
89.0,16.875,97.26644897460938,229.88499450683594,14.040634155273438,101.17501831054688,38.259281158447266
90.0,16.875,97.98057556152344,229.33456420898438,13.720630645751953,99.61788940429688,38.259281158447266
91.0,16.875,98.72974395751953,228.77203369140625,13.384929656982422,98.04081726074219,38.259281158447266
92.0,16.875,99.50112915039062,228.1880340576172,13.039257049560547,96.45146942138672,38.259281158447266
116.0,16.875,31.39217758178711,175.1601104736328,43.55943298339844,132.87985229492188,38.259281158447266
117.0,16.875,29.00960350036621,173.9635009765625,44.62708282470703,134.70375061035156,38.259281158447266
118.0,16.875,28.056480407714844,173.25608825683594,45.05418014526367,135.35470581054688,38.259281158447266
119.0,16.875,27.248092651367188,172.61485290527344,45.41642761230469,135.8998565673828,38.259281158447266
120.0,16.875,26.38304901123047,171.98016357421875,45.80406188964844,136.50831604003906,38.259281158447266
121.0,16.875,25.641820907592773,171.40017700195312,46.13621520996094,137.02542114257812,38.259281158447266
122.0,16.875,25.138652801513672,170.8965606689453,46.36168670654297,137.35043334960938,38.259281158447266
123.0,16.875,24.60858917236328,170.4003448486328,46.599212646484375,137.70948791503906,38.259281158447266
124.0,16.875,24.213592529296875,169.94625854492188,46.77621078491211,137.96160888671875,38.259281158447266
125.0,16.875,23.981306076049805,169.53363037109375,46.88030242919922,138.0808563232422,38.259281158447266
126.0,16.875,23.763593673706055,169.12924194335938,46.97785949707031,138.19525146484375,38.259281158447266
127.0,16.875,23.536893844604492,168.72882080078125,47.079444885253906,138.32522583007812,38.259281158447266
128.0,16.875,23.197673797607422,168.31796264648438,47.23145294189453,138.56204223632812,38.259281158447266
129.0,16.875,23.017654418945312,167.93707275390625,47.3121223449707,138.6659698486328,38.259281158447266
130.0,16.875,22.905092239379883,167.56846618652344,47.36256408691406,138.7170867919922,38.259281158447266
131.0,16.875,22.712615966796875,167.19473266601562,47.44881057739258,138.84585571289062,38.259281158447266
132.0,16.875,22.511890411376953,166.82562255859375,47.53875732421875,138.98876953125,38.259281158447266
133.0,16.875,22.361894607543945,166.46556091308594,47.60597229003906,139.0931396484375,38.259281158447266
134.0,16.875,22.22985076904297,166.11065673828125,47.66514587402344,139.1879119873047,38.259281158447266
135.0,16.875,22.14011001586914,165.76100158691406,47.705360412597656,139.2511749267578,38.259281158447266
136.0,16.875,22.028587341308594,165.41348266601562,47.755332946777344,139.3400421142578,38.259281158447266
137.0,16.875,21.919342041015625,165.06930541992188,47.804283142089844,139.43295288085938,38.259281158447266
138.0,16.875,21.858047485351562,164.72796630859375,47.831748962402344,139.48898315429688,38.259281158447266
139.0,16.875,21.835783004760742,164.38760375976562,47.84172821044922,139.5160675048828,38.259281158447266
140.0,16.875,21.828075408935547,164.0474853515625,47.84518051147461,139.53607177734375,38.259281158447266
141.0,16.875,21.863067626953125,163.70542907714844,47.82950210571289,139.52391052246094,38.259281158447266
142.0,16.875,21.84949493408203,163.3662109375,47.83557891845703,139.56103515625,38.259281158447266
143.0,16.875,21.788679122924805,163.03211975097656,47.86283874511719,139.6460723876953,38.259281158447266
144.0,16.875,21.829139709472656,162.68992614746094,47.844703674316406,139.64691162109375,38.259281158447266
145.0,16.875,21.80394744873047,162.35504150390625,47.855995178222656,139.7119598388672,38.259281158447266
146.0,16.875,21.842437744140625,162.0131072998047,47.8387451171875,139.7265167236328,38.259281158447266
147.0,16.875,21.876821517944336,161.67152404785156,47.82333755493164,139.75074768066406,38.259281158447266
148.0,16.875,21.90464973449707,161.3309783935547,47.81087112426758,139.7867889404297,38.259281158447266
149.0,16.875,21.90999412536621,160.9947509765625,47.8084716796875,139.84854125976562,38.259281158447266
150.0,16.875,22.043472290039062,160.63436889648438,47.748661041259766,139.80442810058594,38.259281158447266
151.0,16.875,22.108489990234375,160.28575134277344,47.71952819824219,139.8265380859375,38.259281158447266
152.0,16.875,22.27017593383789,159.91465759277344,47.64707565307617,139.77139282226562,38.259281158447266
153.0,16.875,22.53853416442871,159.514404296875,47.526824951171875,139.631591796875,38.259281158447266
154.0,16.875,22.596450805664062,159.16183471679688,47.5008659362793,139.68016052246094,38.259281158447266
155.0,16.875,22.640892028808594,158.81297302246094,47.48094940185547,139.74661254882812,38.259281158447266
156.0,16.875,22.979293823242188,158.38037109375,47.329307556152344,139.57044982910156,38.259281158447266
157.0,16.875,23.255949020385742,157.95838928222656,47.20533752441406,139.45556640625,38.259281158447266
158.0,16.875,23.481374740600586,157.54661560058594,47.10432434082031,139.39239501953125,38.259281158447266
159.0,16.875,23.629831314086914,157.1559600830078,47.03779983520508,139.40162658691406,38.259281158447266
160.0,16.875,23.88068199157715,156.72804260253906,46.925392150878906,139.3341064453125,38.259281158447266
161.0,16.875,24.20583724975586,156.2687225341797,46.779685974121094,139.21478271484375,38.259281158447266
162.0,16.875,24.560041427612305,155.79188537597656,46.6209716796875,139.0819854736328,38.259281158447266
163.0,16.875,24.84359359741211,155.33523559570312,46.4939079284668,139.01678466796875,38.259281158447266
164.0,16.875,25.50551414489746,154.72149658203125,46.197296142578125,138.65936279296875,38.259281158447266
165.0,16.875,26.090816497802734,154.12428283691406,45.93501663208008,138.37806701660156,38.259281158447266
166.0,16.875,26.687013626098633,153.509521484375,45.66785430908203,138.10301208496094,38.259281158447266
167.0,16.875,27.594600677490234,152.74398803710938,45.26116180419922,137.60147094726562,38.259281158447266
168.0,16.875,29.126049041748047,151.6727752685547,44.57490539550781,136.64097595214844,38.259281158447266
201.0,16.875,99.81571197509766,84.96773529052734,12.898300170898438,119.50201416015625,38.259281158447266
202.0,16.875,99.12503051757812,84.84835815429688,13.207794189453125,121.1680679321289,38.259281158447266
203.0,16.875,98.44227600097656,84.75613403320312,13.513740539550781,122.82323455810547,38.259281158447266
204.0,16.875,97.84025573730469,84.63082885742188,13.783512115478516,124.44145965576172,38.259281158447266
205.0,16.875,97.35873413085938,84.43772888183594,13.999286651611328,126.01213836669922,38.259281158447266
206.0,16.875,96.90833282470703,84.24895477294922,14.20111083984375,127.56884002685547,38.259281158447266
207.0,16.875,96.59388732910156,83.97586822509766,14.342021942138672,129.07989501953125,38.259281158447266
208.0,16.875,96.27838897705078,83.73175048828125,14.483402252197266,130.59117126464844,38.259281158447266
209.0,16.875,96.04070281982422,83.44956970214844,14.58990478515625,132.07998657226562,38.259281158447266
210.0,16.875,95.89862060546875,83.11296844482422,14.653572082519531,133.54457092285156,38.259281158447266
211.0,16.875,95.78019714355469,82.78229522705078,14.706649780273438,135.0067138671875,38.259281158447266
212.0,16.875,95.77477264404297,82.38025665283203,14.70907211303711,136.44602966308594,38.259281158447266
213.0,16.875,95.81049346923828,81.9677734375,14.693069458007812,137.88294982910156,38.259281158447266
214.0,16.875,95.95023345947266,81.48979949951172,14.630443572998047,139.30604553222656,38.259281158447266
215.0,16.875,96.1491928100586,80.98452758789062,14.54128646850586,140.72808837890625,38.259281158447266
216.0,16.875,96.3534927368164,80.49884033203125,14.449745178222656,142.16082763671875,38.259281158447266
217.0,16.875,96.7063980102539,79.90691375732422,14.291606903076172,143.5812530517578,38.259281158447266
218.0,16.875,97.09698486328125,79.3056869506836,14.116580963134766,145.0117645263672,38.259281158447266
219.0,16.875,97.56352233886719,78.6613998413086,13.907524108886719,146.4487762451172,38.259281158447266
220.0,16.875,98.07547760009766,78.00103759765625,13.6781005859375,147.89889526367188,38.259281158447266
221.0,16.875,98.73605346679688,77.23306274414062,13.382099151611328,149.35366821289062,38.259281158447266
222.0,16.875,99.42130279541016,76.46759796142578,13.075031280517578,150.829833984375,38.259281158447266
242.0,16.875,97.56993865966797,80.60176849365234,13.90463638305664,181.1734161376953,38.259281158447266
243.0,16.875,95.37762451171875,82.88780212402344,14.887039184570312,182.11184692382812,38.259281158447266
244.0,16.875,93.74146270751953,84.70411682128906,15.62021255493164,183.12037658691406,38.259281158447266
245.0,16.875,92.35153198242188,86.32051086425781,16.243053436279297,184.13958740234375,38.259281158447266
246.0,16.875,91.1893081665039,87.7548599243164,16.76385498046875,185.17514038085938,38.259281158447266
247.0,16.875,90.27983856201172,88.98836517333984,17.171390533447266,186.24452209472656,38.259281158447266
248.0,16.875,89.44613647460938,90.17208862304688,17.544979095458984,187.30288696289062,38.259281158447266
249.0,16.875,88.75005340576172,91.2551040649414,17.856910705566406,188.3738250732422,38.259281158447266
250.0,16.875,88.2017822265625,92.23063659667969,18.102584838867188,189.46664428710938,38.259281158447266
251.0,16.875,87.74845886230469,93.14399719238281,18.30572509765625,190.56851196289062,38.259281158447266
252.0,16.875,87.4108657836914,93.97956085205078,18.45700454711914,191.69107055664062,38.259281158447266
253.0,16.875,87.18653106689453,94.74112701416016,18.557533264160156,192.8380584716797,38.259281158447266
254.0,16.875,87.02578735351562,95.47026824951172,18.62957000732422,193.99398803710938,38.259281158447266
255.0,16.875,86.9515609741211,96.14983367919922,18.662826538085938,195.1707305908203,38.259281158447266
256.0,16.875,86.9729232788086,96.77432250976562,18.653247833251953,196.3754425048828,38.259281158447266
257.0,16.875,87.09768676757812,97.33963775634766,18.597347259521484,197.61520385742188,38.259281158447266
258.0,16.875,87.28785705566406,97.87720489501953,18.51213836669922,198.87643432617188,38.259281158447266
259.0,16.875,87.57567596435547,98.36398315429688,18.383155822753906,200.17654418945312,38.259281158447266
260.0,16.875,87.91136169433594,98.8397445678711,18.23273468017578,201.49484252929688,38.259281158447266
261.0,16.875,88.33934020996094,99.27268981933594,18.04094696044922,202.85484313964844,38.259281158447266
262.0,16.875,88.87109375,99.65677642822266,17.80266571044922,204.265380859375,38.259281158447266
263.0,16.875,89.53841400146484,99.97179412841797,17.50363540649414,205.7465362548828,38.259281158447266
264.0,16.875,90.24565887451172,100.29017639160156,17.186721801757812,207.251708984375,38.259281158447266
265.0,16.875,91.05245971679688,100.5710220336914,16.825176239013672,208.8143310546875,38.259281158447266
266.0,16.875,91.94343566894531,100.82816314697266,16.425926208496094,210.42874145507812,38.259281158447266
267.0,16.875,92.94384765625,101.04695129394531,15.97763442993164,212.1116943359375,38.259281158447266
268.0,16.875,94.0656967163086,101.22284698486328,15.474929809570312,213.873291015625,38.259281158447266
269.0,16.875,95.34306335449219,101.3372573852539,14.902515411376953,215.7372589111328,38.259281158447266
270.0,16.875,96.52898406982422,101.5575942993164,14.371105194091797,217.5582275390625,38.259281158447266
271.0,16.875,97.88024139404297,101.71551513671875,13.765594482421875,219.49069213867188,38.259281158447266
272.0,16.875,99.24900817871094,101.91069030761719,13.152244567871094,221.44622802734375,38.259281158447266
65.0,11.25,99.66828155517578,253.53094482421875,19.596981048583984,133.64402770996094,38.259281158447266
66.0,11.25,99.18724060058594,252.6492156982422,19.780529022216797,132.23223876953125,38.259281158447266
67.0,11.25,98.64163970947266,251.68853759765625,19.98871612548828,130.86187744140625,38.259281158447266
68.0,11.25,98.11519622802734,250.72364807128906,20.18958282470703,129.51109313964844,38.259281158447266
69.0,11.25,97.65643310546875,249.7969512939453,20.36463165283203,128.16395568847656,38.259281158447266
70.0,11.25,97.19207000732422,248.84463500976562,20.54180908203125,126.84198760986328,38.259281158447266
71.0,11.25,96.76766204833984,247.90638732910156,20.703758239746094,125.52997589111328,38.259281158447266
72.0,11.25,96.42440032958984,247.0170440673828,20.834728240966797,124.2115707397461,38.259281158447266
73.0,11.25,96.11778259277344,246.1379852294922,20.951717376708984,122.90019226074219,38.259281158447266
74.0,11.25,95.79495239257812,245.22463989257812,21.07489776611328,121.61520385742188,38.259281158447266
75.0,11.25,95.61383056640625,244.40899658203125,21.144004821777344,120.2936019897461,38.259281158447266
76.0,11.25,95.44820404052734,243.58445739746094,21.207210540771484,118.98257446289062,38.259281158447266
77.0,11.25,95.39960479736328,242.8339385986328,21.225753784179688,117.63773345947266,38.259281158447266
78.0,11.25,95.33179473876953,242.04489135742188,21.251625061035156,116.31551361083984,38.259281158447266
79.0,11.25,95.33029174804688,241.28651428222656,21.252193450927734,114.97755432128906,38.259281158447266
80.0,11.25,95.42180633544922,240.57861328125,21.217273712158203,113.6087875366211,38.259281158447266
81.0,11.25,95.54960632324219,239.87461853027344,21.168514251708984,112.23355865478516,38.259281158447266
82.0,11.25,95.74777221679688,239.2001495361328,21.092899322509766,110.83364868164062,38.259281158447266
83.0,11.25,95.94345092773438,238.49769592285156,21.018238067626953,109.4443588256836,38.259281158447266
84.0,11.25,96.2936019897461,237.8862762451172,20.884632110595703,107.9830322265625,38.259281158447266
85.0,11.25,96.6413345336914,237.244384765625,20.751953125,106.52935028076172,38.259281158447266
86.0,11.25,97.05763244628906,236.62449645996094,20.59310531616211,105.04441833496094,38.259281158447266
87.0,11.25,97.55392456054688,236.032958984375,20.403743743896484,103.51969909667969,38.259281158447266
88.0,11.25,98.09376525878906,235.44119262695312,20.19776153564453,101.97391510009766,38.259281158447266
89.0,11.25,98.75724792480469,234.9045867919922,19.944602966308594,100.3585433959961,38.259281158447266
90.0,11.25,99.518798828125,234.4013214111328,19.654022216796875,98.68517303466797,38.259281158447266
124.0,11.25,29.98833465576172,172.14657592773438,46.18413543701172,132.25392150878906,38.259281158447266
125.0,11.25,27.825576782226562,171.19435119628906,47.009361267089844,134.0724334716797,38.259281158447266
126.0,11.25,27.097209930419922,170.60635375976562,47.28727722167969,134.6235809326172,38.259281158447266
127.0,11.25,26.466960906982422,170.05838012695312,47.52775573730469,135.09873962402344,38.259281158447266
128.0,11.25,25.734630584716797,169.5107421875,47.80718231201172,135.67803955078125,38.259281158447266
129.0,11.25,25.039745330810547,168.99093627929688,48.072330474853516,136.23487854003906,38.259281158447266
130.0,11.25,24.835681915283203,168.56300354003906,48.15019226074219,136.35446166992188,38.259281158447266
131.0,11.25,24.447399139404297,168.1167449951172,48.29834747314453,136.65060424804688,38.259281158447266
132.0,11.25,24.136856079101562,167.69070434570312,48.416831970214844,136.8839874267578,38.259281158447266
133.0,11.25,23.817035675048828,167.27288818359375,48.53886795043945,137.1338653564453,38.259281158447266
134.0,11.25,23.661348342895508,166.8778839111328,48.598270416259766,137.2403564453125,38.259281158447266
135.0,11.25,23.41695785522461,166.48155212402344,48.69152069091797,137.4357147216797,38.259281158447266
136.0,11.25,23.21174430847168,166.09454345703125,48.76982116699219,137.60203552246094,38.259281158447266
137.0,11.25,23.22490692138672,165.72085571289062,48.764801025390625,137.57350158691406,38.259281158447266
138.0,11.25,23.099437713623047,165.34426879882812,48.81267547607422,137.6796112060547,38.259281158447266
139.0,11.25,23.05034828186035,164.97161865234375,48.83140563964844,137.72169494628906,38.259281158447266
140.0,11.25,23.001628875732422,164.60055541992188,48.84999084472656,137.76992797851562,38.259281158447266
141.0,11.25,22.814777374267578,164.23561096191406,48.921287536621094,137.95220947265625,38.259281158447266
142.0,11.25,22.788352966308594,163.8691864013672,48.93136978149414,137.99261474609375,38.259281158447266
143.0,11.25,22.7421875,163.50518798828125,48.94898986816406,138.05758666992188,38.259281158447266
144.0,11.25,22.700164794921875,163.14280700683594,48.965023040771484,138.12503051757812,38.259281158447266
145.0,11.25,22.683210372924805,162.77992248535156,48.97148895263672,138.17567443847656,38.259281158447266
146.0,11.25,22.700809478759766,162.4143524169922,48.96477508544922,138.20091247558594,38.259281158447266
147.0,11.25,22.67052459716797,162.0551300048828,48.97633361816406,138.27639770507812,38.259281158447266
148.0,11.25,22.643524169921875,161.6973114013672,48.986629486083984,138.35507202148438,38.259281158447266
149.0,11.25,22.813615798950195,161.3097381591797,48.921730041503906,138.26048278808594,38.259281158447266
150.0,11.25,22.919960021972656,160.92910766601562,48.88115692138672,138.23101806640625,38.259281158447266
151.0,11.25,22.97492027282715,160.55621337890625,48.86017990112305,138.2550048828125,38.259281158447266
152.0,11.25,23.108245849609375,160.1666259765625,48.8093147277832,138.21510314941406,38.259281158447266
153.0,11.25,23.24905776977539,159.77264404296875,48.755584716796875,138.17579650878906,38.259281158447266
154.0,11.25,23.44799041748047,159.36195373535156,48.67967987060547,138.092041015625,38.259281158447266
155.0,11.25,23.59470558166504,158.9600372314453,48.62369918823242,138.06272888183594,38.259281158447266
156.0,11.25,23.69698715209961,158.5674285888672,48.58466720581055,138.08038330078125,38.259281158447266
157.0,11.25,23.889419555664062,158.1478729248047,48.51124954223633,138.026123046875,38.259281158447266
158.0,11.25,24.210247039794922,157.68585205078125,48.388832092285156,137.8679656982422,38.259281158447266
159.0,11.25,24.60633087158203,157.19248962402344,48.237701416015625,137.6542510986328,38.259281158447266
160.0,11.25,24.938087463378906,156.71078491210938,48.111114501953125,137.50692749023438,38.259281158447266
161.0,11.25,25.296586990356445,156.21234130859375,47.97432327270508,137.34707641601562,38.259281158447266
162.0,11.25,25.724565505981445,155.68075561523438,47.81102752685547,137.1390380859375,38.259281158447266
163.0,11.25,26.396528244018555,155.04757690429688,47.554630279541016,136.73703002929688,38.259281158447266
164.0,11.25,27.045730590820312,154.40650939941406,47.306922912597656,136.36968994140625,38.259281158447266
165.0,11.25,28.020505905151367,153.61778259277344,46.93498229980469,135.7476043701172,38.259281158447266
166.0,11.25,30.679000854492188,152.0978240966797,45.92060852050781,133.75961303710938,38.259281158447266
250.0,11.25,98.12371826171875,80.2899398803711,20.186325073242188,191.52281188964844,38.259281158447266
251.0,11.25,95.80680084228516,82.85570526123047,21.070377349853516,192.1936798095703,38.259281158447266
252.0,11.25,94.20783233642578,84.80760192871094,21.680484771728516,193.04434204101562,38.259281158447266
253.0,11.25,93.133544921875,86.32067108154297,22.090389251708984,194.0343780517578,38.259281158447266
254.0,11.25,92.34611511230469,87.6032943725586,22.39084243774414,195.09413146972656,38.259281158447266
255.0,11.25,91.77639770507812,88.7178726196289,22.60822296142578,196.2080841064453,38.259281158447266
256.0,11.25,91.36766052246094,89.71500396728516,22.764175415039062,197.36167907714844,38.259281158447266
257.0,11.25,91.19216918945312,90.5387191772461,22.831134796142578,198.59307861328125,38.259281158447266
258.0,11.25,91.08558654785156,91.32672882080078,22.871810913085938,199.83827209472656,38.259281158447266
259.0,11.25,91.19060516357422,91.96611785888672,22.831741333007812,201.1658477783203,38.259281158447266
260.0,11.25,91.40592956542969,92.54202270507812,22.749576568603516,202.53599548339844,38.259281158447266
261.0,11.25,91.70823669433594,93.07537841796875,22.634227752685547,203.9414520263672,38.259281158447266
262.0,11.25,92.13965606689453,93.53570556640625,22.469619750976562,205.406494140625,38.259281158447266
263.0,11.25,92.7607650756836,93.8799819946289,22.232627868652344,206.96710205078125,38.259281158447266
264.0,11.25,93.39912414550781,94.24408721923828,21.989063262939453,208.53887939453125,38.259281158447266
265.0,11.25,94.31380462646484,94.43487548828125,21.64004135131836,210.26254272460938,38.259281158447266
266.0,11.25,95.33409881591797,94.5865249633789,21.250736236572266,212.05322265625,38.259281158447266
267.0,11.25,96.51153564453125,94.66494750976562,20.801475524902344,213.94346618652344,38.259281158447266
268.0,11.25,97.76363372802734,94.73451232910156,20.323726654052734,215.8903045654297,38.259281158447266
269.0,11.25,99.20515441894531,94.71681213378906,19.773704528808594,217.9638214111328,38.259281158447266
74.0,5.625,99.7314224243164,251.78590393066406,26.57620620727539,121.0135498046875,38.259281158447266
75.0,5.625,99.19488525390625,250.64581298828125,26.743255615234375,119.71680450439453,38.259281158447266
76.0,5.625,98.71573638916016,249.5362091064453,26.892427444458008,118.42460632324219,38.259281158447266
77.0,5.625,98.359130859375,248.51181030273438,27.003446578979492,117.10686492919922,38.259281158447266
78.0,5.625,98.07259368896484,247.52626037597656,27.092660903930664,115.78160858154297,38.259281158447266
79.0,5.625,97.85523223876953,246.57766723632812,27.160329818725586,114.4464111328125,38.259281158447266
80.0,5.625,97.76387023925781,245.7117156982422,27.18878173828125,113.07188415527344,38.259281158447266
81.0,5.625,97.69607543945312,244.84194946289062,27.20989227294922,111.70257568359375,38.259281158447266
82.0,5.625,97.7440414428711,244.04263305664062,27.19495391845703,110.29187774658203,38.259281158447266
83.0,5.625,97.82746887207031,243.2467803955078,27.16897964477539,108.87651062011719,38.259281158447266
84.0,5.625,98.03571319580078,242.5243377685547,27.104148864746094,107.40837097167969,38.259281158447266
85.0,5.625,98.32774353027344,241.83995056152344,27.013229370117188,105.90496826171875,38.259281158447266
86.0,5.625,98.68726348876953,241.17874145507812,26.901290893554688,104.37235260009766,38.259281158447266
87.0,5.625,99.15534973144531,240.5701446533203,26.75555992126465,102.78512573242188,38.259281158447266
88.0,5.625,99.69075012207031,239.97988891601562,26.588869094848633,101.16348266601562,38.259281158447266
132.0,5.625,28.751359939575195,168.9383087158203,48.675086975097656,131.99557495117188,38.259281158447266
133.0,5.625,27.430068969726562,168.30523681640625,49.08646011352539,133.17572021484375,38.259281158447266
134.0,5.625,26.890966415405273,167.79684448242188,49.254302978515625,133.63059997558594,38.259281158447266
135.0,5.625,26.31634521484375,167.30223083496094,49.433204650878906,134.12879943847656,38.259281158447266
136.0,5.625,25.660303115844727,166.82000732421875,49.63745880126953,134.71351623535156,38.259281158447266
137.0,5.625,25.299671173095703,166.37533569335938,49.74973678588867,135.02703857421875,38.259281158447266
138.0,5.625,25.022241592407227,165.9454345703125,49.83610916137695,135.2695770263672,38.259281158447266
139.0,5.625,24.763166427612305,165.5248260498047,49.916770935058594,135.50228881835938,38.259281158447266
140.0,5.625,24.62639808654785,165.1133575439453,49.9593505859375,135.6261444091797,38.259281158447266
141.0,5.625,24.490802764892578,164.70635986328125,50.00157165527344,135.75604248046875,38.259281158447266
142.0,5.625,24.41530418395996,164.30230712890625,50.02507019042969,135.8358917236328,38.259281158447266
143.0,5.625,24.333284378051758,163.9012451171875,50.05060577392578,135.92892456054688,38.259281158447266
144.0,5.625,24.34805679321289,163.49737548828125,50.04601287841797,135.93707275390625,38.259281158447266
145.0,5.625,24.165401458740234,163.1086883544922,50.10287857055664,136.1392822265625,38.259281158447266
146.0,5.625,24.122848510742188,162.71347045898438,50.116127014160156,136.21548461914062,38.259281158447266
147.0,5.625,24.031993865966797,162.32568359375,50.144412994384766,136.34408569335938,38.259281158447266
148.0,5.625,23.975746154785156,161.9373016357422,50.16192626953125,136.4466552734375,38.259281158447266
149.0,5.625,24.02731704711914,161.53628540039062,50.145870208740234,136.45455932617188,38.259281158447266
150.0,5.625,24.19536590576172,161.1160888671875,50.09354782104492,136.3604736328125,38.259281158447266
151.0,5.625,24.434005737304688,160.67916870117188,50.019248962402344,136.2082977294922,38.259281158447266
152.0,5.625,24.58076286315918,160.25340270996094,49.97356033325195,136.15005493164062,38.259281158447266
153.0,5.625,24.682085037231445,159.83377075195312,49.9420166015625,136.1418914794922,38.259281158447266
154.0,5.625,24.783113479614258,159.4124755859375,49.910560607910156,136.14170837402344,38.259281158447266
155.0,5.625,25.060901641845703,158.94715881347656,49.82406997680664,135.9867706298828,38.259281158447266
156.0,5.625,25.384559631347656,158.46298217773438,49.72330856323242,135.79920959472656,38.259281158447266
157.0,5.625,25.668689727783203,157.98121643066406,49.63484573364258,135.65760803222656,38.259281158447266
158.0,5.625,25.891254425048828,157.5102996826172,49.5655517578125,135.58157348632812,38.259281158447266
159.0,5.625,26.102275848388672,157.03811645507812,49.499847412109375,135.5253143310547,38.259281158447266
160.0,5.625,26.827552795410156,156.3974151611328,49.274044036865234,135.01820373535156,38.259281158447266
161.0,5.625,27.559097290039062,155.7345428466797,49.046287536621094,134.52093505859375,38.259281158447266
162.0,5.625,29.072681427001953,154.7776336669922,48.575050354003906,133.3489227294922,38.259281158447266
260.0,5.625,99.3973388671875,82.8777847290039,26.680217742919922,205.75225830078125,38.259281158447266
261.0,5.625,99.02943420410156,84.00650787353516,26.79475975036621,206.99960327148438,38.259281158447266
262.0,5.625,99.03521728515625,84.85139465332031,26.79296112060547,208.40817260742188,38.259281158447266
263.0,5.625,99.2938003540039,85.51847839355469,26.71245574951172,209.93145751953125,38.259281158447266
264.0,5.625,99.8955307006836,85.94295501708984,26.525115966796875,211.62716674804688,38.259281158447266
140.0,0.0,30.352970123291016,165.6735076904297,50.398887634277344,129.55665588378906,38.259281158447266
141.0,0.0,28.661312103271484,165.14846801757812,50.80170822143555,131.1918182373047,38.259281158447266
142.0,0.0,28.427268981933594,164.66514587402344,50.85743713378906,131.42022705078125,38.259281158447266
143.0,0.0,27.372961044311523,164.21250915527344,51.108489990234375,132.45330810546875,38.259281158447266
144.0,0.0,27.209835052490234,163.756103515625,51.147335052490234,132.6288299560547,38.259281158447266
145.0,0.0,27.011451721191406,163.30776977539062,51.19457244873047,132.8463134765625,38.259281158447266
146.0,0.0,26.946680068969727,162.8561553955078,51.20999526977539,132.94200134277344,38.259281158447266
147.0,0.0,26.87649917602539,162.40789794921875,51.226707458496094,133.05068969726562,38.259281158447266
148.0,0.0,26.838268280029297,161.95919799804688,51.235809326171875,133.13623046875,38.259281158447266
149.0,0.0,26.635141372680664,161.5339813232422,51.284175872802734,133.38824462890625,38.259281158447266
150.0,0.0,26.851634979248047,161.05548095703125,51.232627868652344,133.2442169189453,38.259281158447266
151.0,0.0,26.94155502319336,160.5914764404297,51.21121597290039,133.2303466796875,38.259281158447266
152.0,0.0,27.12934112548828,160.10826110839844,51.16649627685547,133.1314239501953,38.259281158447266
153.0,0.0,27.394023895263672,159.60520935058594,51.103477478027344,132.96841430664062,38.259281158447266
154.0,0.0,27.82648468017578,159.0593719482422,51.00049591064453,132.65614318847656,38.259281158447266
155.0,0.0,28.100383758544922,158.53732299804688,50.93527603149414,132.50477600097656,38.259281158447266
156.0,0.0,28.508058547973633,157.9753875732422,50.838199615478516,132.2379608154297,38.259281158447266
157.0,0.0,30.290300369262695,157.04249572753906,50.413814544677734,130.6971435546875,38.259281158447266
