angle,vert_angle,dist,x,y,z,height
41.0,5.625,45.952091217041016,280.9409484863281,12.601384162902832,163.2081298828125,7.990798473358154
42.0,5.625,42.97053527832031,280.4007568359375,12.370949745178223,166.2318115234375,7.990798473358154
43.0,5.625,40.9945182800293,279.8609619140625,12.218231201171875,168.2624053955078,7.990798473358154
44.0,5.625,39.344242095947266,279.35150146484375,12.09068775177002,169.9758758544922,7.990798473358154
45.0,5.625,38.04387283325195,278.8522033691406,11.990187644958496,171.34873962402344,7.990798473358154
46.0,5.625,37.157379150390625,278.3350524902344,11.921673774719238,172.31918334960938,7.990798473358154
47.0,5.625,36.38772201538086,277.8299560546875,11.862189292907715,173.18124389648438,7.990798473358154
48.0,5.625,35.76274108886719,277.3257751464844,11.813887596130371,173.90792846679688,7.990798473358154
49.0,5.625,35.20135498046875,276.8318786621094,11.770499229431152,174.57911682128906,7.990798473358154
50.0,5.625,34.67601776123047,276.3512268066406,11.729898452758789,175.22169494628906,7.990798473358154
51.0,5.625,34.20567321777344,275.87750244140625,11.693547248840332,175.81723022460938,7.990798473358154
52.0,5.625,33.70888900756836,275.4289855957031,11.655152320861816,176.44436645507812,7.990798473358154
53.0,5.625,33.45718765258789,274.93267822265625,11.635700225830078,176.84197998046875,7.990798473358154
54.0,5.625,33.18154525756836,274.4544982910156,11.614395141601562,177.26980590820312,7.990798473358154
55.0,5.625,32.94042205810547,273.97784423828125,11.595759391784668,177.67172241210938,7.990798473358154
56.0,5.625,32.73887634277344,273.4994201660156,11.580183029174805,178.0432586669922,7.990798473358154
57.0,5.625,32.6438102722168,272.99462890625,11.572836875915527,178.32212829589844,7.990798473358154
58.0,5.625,32.573936462402344,272.4873352050781,11.567435264587402,178.5857391357422,7.990798473358154
59.0,5.625,32.50722122192383,271.9847106933594,11.56227970123291,178.8547821044922,7.990798473358154
60.0,5.625,32.41017150878906,271.49969482421875,11.554780006408691,179.15997314453125,7.990798473358154
61.0,5.625,32.47616958618164,270.95562744140625,11.559879302978516,179.32435607910156,7.990798473358154
62.0,5.625,32.443729400634766,270.4548645019531,11.557372093200684,179.58766174316406,7.990798473358154
63.0,5.625,32.532562255859375,269.9063720703125,11.564237594604492,179.75071716308594,7.990798473358154
64.0,5.625,32.64996337890625,269.3465270996094,11.573312759399414,179.8986053466797,7.990798473358154
65.0,5.625,32.71476745605469,268.8121032714844,11.578320503234863,180.103515625,7.990798473358154
66.0,5.625,32.95854187011719,268.1939392089844,11.597161293029785,180.16213989257812,7.990798473358154
67.0,5.625,33.220726013183594,267.5640563964844,11.617425918579102,180.21771240234375,7.990798473358154
68.0,5.625,33.393009185791016,266.9773864746094,11.630738258361816,180.36346435546875,7.990798473358154
69.0,5.625,33.75727081298828,266.2895202636719,11.658891677856445,180.35858154296875,7.990798473358154
70.0,5.625,34.19561767578125,265.55609130859375,11.692770004272461,180.30715942382812,7.990798473358154
71.0,5.625,34.593788146972656,264.8379211425781,11.723542213439941,180.3059539794922,7.990798473358154
72.0,5.625,35.2642707824707,263.95855712890625,11.775362014770508,180.09869384765625,7.990798473358154
73.0,5.625,35.997108459472656,263.0296936035156,11.831999778747559,179.86326599121094,7.990798473358154
74.0,5.625,37.07221603393555,261.8814392089844,11.915091514587402,179.3789825439453,7.990798473358154
75.0,5.625,38.01829528808594,260.7891845703125,11.988210678100586,179.02761840820312,7.990798473358154
76.0,5.625,39.69060134887695,259.2228088378906,12.117457389831543,178.14259338378906,7.990798473358154
77.0,5.625,42.73247528076172,256.7417907714844,12.352553367614746,176.25689697265625,7.990798473358154
28.0,0.0,39.84860610961914,290.2772521972656,9.006488800048828,169.54588317871094,7.990798473358154
29.0,0.0,36.29940414428711,289.1007080078125,9.010356903076172,172.95956420898438,7.990798473358154
30.0,0.0,34.29132843017578,288.2308349609375,9.012545585632324,174.87132263183594,7.990798473358154
31.0,0.0,32.85443878173828,287.48809814453125,9.014111518859863,176.23373413085938,7.990798473358154
32.0,0.0,31.605100631713867,286.8102722167969,9.015472412109375,177.42440795898438,7.990798473358154
33.0,0.0,30.51944923400879,286.1862487792969,9.016655921936035,178.46510314941406,7.990798473358154
34.0,0.0,29.61333465576172,285.6085205078125,9.017642974853516,179.33834838867188,7.990798473358154
35.0,0.0,28.930837631225586,285.0693664550781,9.018386840820312,179.99871826171875,7.990798473358154
36.0,0.0,28.126440048217773,284.5517883300781,9.019264221191406,180.7905731201172,7.990798473358154
37.0,0.0,27.732885360717773,284.0615234375,9.019692420959473,181.18060302734375,7.990798473358154
38.0,0.0,27.18931007385254,283.58782958984375,9.020285606384277,181.7290496826172,7.990798473358154
39.0,0.0,26.734054565429688,283.13006591796875,9.020781517028809,182.19715881347656,7.990798473358154
40.0,0.0,26.259056091308594,282.6895446777344,9.021299362182617,182.69253540039062,7.990798473358154
41.0,0.0,25.912805557250977,282.2568359375,9.021676063537598,183.06658935546875,7.990798473358154
42.0,0.0,25.57135772705078,281.8363037109375,9.022047996520996,183.44287109375,7.990798473358154
43.0,0.0,25.184505462646484,281.43316650390625,9.022470474243164,183.87100219726562,7.990798473358154
44.0,0.0,24.873136520385742,281.0349426269531,9.022809028625488,184.2304229736328,7.990798473358154
45.0,0.0,24.643386840820312,280.636962890625,9.023059844970703,184.5152130126953,7.990798473358154
46.0,0.0,24.406967163085938,280.2490234375,9.023317337036133,184.81289672851562,7.990798473358154
47.0,0.0,24.13707733154297,279.87628173828125,9.023611068725586,185.14956665039062,7.990798473358154
48.0,0.0,23.900577545166016,279.5076599121094,9.023869514465332,185.4590606689453,7.990798473358154
49.0,0.0,23.74732780456543,279.1311340332031,9.024036407470703,185.6927032470703,7.990798473358154
50.0,0.0,23.513710021972656,278.7795104980469,9.024291038513184,186.01058959960938,7.990798473358154
51.0,0.0,23.528711318969727,278.3769836425781,9.024274826049805,186.0924530029297,7.990798473358154
52.0,0.0,23.341859817504883,278.0281982421875,9.0244779586792,186.3762969970703,7.990798473358154
53.0,0.0,23.159521102905273,277.68634033203125,9.024677276611328,186.6609649658203,7.990798473358154
54.0,0.0,23.088899612426758,277.3197021484375,9.02475357055664,186.8438720703125,7.990798473358154
55.0,0.0,22.978801727294922,276.9697570800781,9.024873733520508,187.07029724121094,7.990798473358154
56.0,0.0,22.9597225189209,276.5958557128906,9.024894714355469,187.21617126464844,7.990798473358154
57.0,0.0,22.885284423828125,276.243896484375,9.024975776672363,187.42042541503906,7.990798473358154
58.0,0.0,22.80352783203125,275.8994140625,9.025064468383789,187.6371612548828,7.990798473358154
59.0,0.0,22.825340270996094,275.5211486816406,9.025040626525879,187.7633819580078,7.990798473358154
60.0,0.0,22.784343719482422,275.1694030761719,9.02508544921875,187.95411682128906,7.990798473358154
61.0,0.0,22.709630966186523,274.8354797363281,9.025167465209961,188.1814422607422,7.990798473358154
62.0,0.0,22.747303009033203,274.4591064453125,9.025126457214355,188.31224060058594,7.990798473358154
63.0,0.0,22.824871063232422,274.06689453125,9.025041580200195,188.4140625,7.990798473358154
64.0,0.0,22.79025650024414,273.7264404296875,9.025079727172852,188.6231689453125,7.990798473358154
65.0,0.0,22.824230194091797,273.35791015625,9.025042533874512,188.77740478515625,7.990798473358154
66.0,0.0,22.884387969970703,272.9788818359375,9.02497673034668,188.9154510498047,7.990798473358154
67.0,0.0,22.942399978637695,272.60247802734375,9.024913787841797,189.06246948242188,7.990798473358154
68.0,0.0,23.020538330078125,272.2174377441406,9.02482795715332,189.19931030273438,7.990798473358154
69.0,0.0,23.085487365722656,271.8406677246094,9.024757385253906,189.35475158691406,7.990798473358154
70.0,0.0,23.32706069946289,271.36932373046875,9.024494171142578,189.36935424804688,7.990798473358154
71.0,0.0,23.35919952392578,271.01214599609375,9.024458885192871,189.56797790527344,7.990798473358154
72.0,0.0,23.474628448486328,270.61016845703125,9.024333000183105,189.7049560546875,7.990798473358154
73.0,0.0,23.607221603393555,270.1988830566406,9.024188995361328,189.83624267578125,7.990798473358154
74.0,0.0,23.886798858642578,269.699462890625,9.023883819580078,189.8588104248047,7.990798473358154
75.0,0.0,24.095947265625,269.2400817871094,9.023655891418457,189.94850158691406,7.990798473358154
76.0,0.0,24.335180282592773,268.7605285644531,9.023395538330078,190.02511596679688,7.990798473358154
77.0,0.0,24.482973098754883,268.3380432128906,9.023234367370605,190.18270874023438,7.990798473358154
78.0,0.0,24.749980926513672,267.83807373046875,9.022943496704102,190.2594757080078,7.990798473358154
79.0,0.0,25.033414840698242,267.32501220703125,9.022634506225586,190.3358612060547,7.990798473358154
80.0,0.0,25.318214416503906,266.80877685546875,9.022324562072754,190.42355346679688,7.990798473358154
81.0,0.0,25.63189697265625,266.2704772949219,9.021982192993164,190.50289916992188,7.990798473358154
82.0,0.0,26.042024612426758,265.66143798828125,9.021535873413086,190.5273895263672,7.990798473358154
83.0,0.0,26.440391540527344,265.0563659667969,9.021100997924805,190.57579040527344,7.990798473358154
84.0,0.0,26.89081573486328,264.4093322753906,9.020610809326172,190.60433959960938,7.990798473358154
85.0,0.0,27.40618896484375,263.70928955078125,9.020049095153809,190.6065673828125,7.990798473358154
86.0,0.0,28.038372039794922,262.9151306152344,9.019359588623047,190.55130004882812,7.990798473358154
87.0,0.0,28.614643096923828,262.1558837890625,9.018732070922852,190.5541534423828,7.990798473358154
88.0,0.0,29.363569259643555,261.25604248046875,9.017915725708008,190.4696044921875,7.990798473358154
89.0,0.0,30.2570858001709,260.2326965332031,9.016942024230957,190.3221435546875,7.990798473358154
90.0,0.0,31.361473083496094,259.0288391113281,9.015738487243652,190.0783233642578,7.990798473358154
91.0,0.0,32.587257385253906,257.7111511230469,9.014402389526367,189.7998504638672,7.990798473358154
92.0,0.0,33.9744873046875,256.2440185546875,9.012890815734863,189.46945190429688,7.990798473358154
93.0,0.0,36.65087890625,253.68777465820312,9.009973526000977,188.4654541015625,7.990798473358154
0.0,-5.625,13.186272621154785,292.02374267578125,8.002197265625,198.42236328125,7.990798473358154
1.0,-5.625,13.186271667480469,291.8394470214844,8.002197265625,198.28575134277344,7.990798473358154
2.0,-5.625,13.186261177062988,291.65277099609375,8.002197265625,198.15237426757812,7.990798473358154
3.0,-5.625,13.186240196228027,291.46380615234375,8.002197265625,198.0222930908203,7.990798473358154
4.0,-5.625,13.186258316040039,291.2726135253906,8.002197265625,197.89549255371094,7.990798473358154
5.0,-5.625,13.186259269714355,291.0792541503906,8.002197265625,197.77207946777344,7.990798473358154
6.0,-5.625,13.186256408691406,290.88372802734375,8.002197265625,197.65203857421875,7.990798473358154
7.0,-5.625,13.186260223388672,290.6861572265625,8.002197265625,197.53543090820312,7.990798473358154
8.0,-5.625,13.186235427856445,290.486572265625,8.002197265625,197.4223175048828,7.990798473358154
9.0,-5.625,13.186254501342773,290.2850646972656,8.002197265625,197.3126678466797,7.990798473358154
10.0,-5.625,13.186248779296875,290.0816650390625,8.002197265625,197.20657348632812,7.990798473358154
11.0,-5.625,13.186262130737305,289.8764343261719,8.002197265625,197.10401916503906,7.990798473358154
12.0,-5.625,13.18626594543457,289.6694641113281,8.002197265625,197.0050811767578,7.990798473358154
13.0,-5.625,13.186260223388672,289.4607849121094,8.002197265625,196.90977478027344,7.990798473358154
14.0,-5.625,13.18626880645752,289.25048828125,8.002197265625,196.818115234375,7.990798473358154
15.0,-5.625,13.186248779296875,289.0386047363281,8.002197265625,196.73016357421875,7.990798473358154
16.0,-5.625,13.186247825622559,288.8252258300781,8.002197265625,196.64590454101562,7.990798473358154
17.0,-5.625,13.186251640319824,288.6103820800781,8.002197265625,196.56536865234375,7.990798473358154
18.0,-5.625,13.186243057250977,288.3941955566406,8.002197265625,196.48861694335938,7.990798473358154
19.0,-5.625,13.186243057250977,288.1767272949219,8.002197265625,196.4156494140625,7.990798473358154
20.0,-5.625,13.186251640319824,287.9579772949219,8.002197265625,196.34646606445312,7.990798473358154
21.0,-5.625,13.186248779296875,287.7380676269531,8.002197265625,196.2811279296875,7.990798473358154
22.0,-5.625,13.186250686645508,287.5170593261719,8.002197265625,196.21963500976562,7.990798473358154
23.0,-5.625,13.186250686645508,287.29498291015625,8.002197265625,196.16200256347656,7.990798473358154
24.0,-5.625,13.186249732971191,287.07196044921875,8.002197265625,196.10826110839844,7.990798473358154
25.0,-5.625,13.18624210357666,286.8480224609375,8.002197265625,196.0584259033203,7.990798473358154
26.0,-5.625,13.186246871948242,286.6232604980469,8.002197265625,196.0124969482422,7.990798473358154
27.0,-5.625,13.186258316040039,286.3977355957031,8.002197265625,195.97048950195312,7.990798473358154
28.0,-5.625,13.186261177062988,286.1715087890625,8.002197265625,195.93243408203125,7.990798473358154
29.0,-5.625,13.186263084411621,285.94464111328125,8.002197265625,195.89833068847656,7.990798473358154
30.0,-5.625,13.186245918273926,285.7171936035156,8.002197265625,195.8682098388672,7.990798473358154
31.0,-5.625,13.186253547668457,285.4892883300781,8.002197265625,195.842041015625,7.990798473358154
32.0,-5.625,13.186256408691406,285.26092529296875,8.002197265625,195.81985473632812,7.990798473358154
33.0,-5.625,13.18625545501709,285.0322570800781,8.002197265625,195.80166625976562,7.990798473358154
34.0,-5.625,13.186247825622559,284.80328369140625,8.002197265625,195.7874755859375,7.990798473358154
35.0,-5.625,13.18624210357666,284.5740966796875,8.002197265625,195.77728271484375,7.990798473358154
36.0,-5.625,13.18625259399414,284.3447570800781,8.002197265625,195.7710723876953,7.990798473358154
37.0,-5.625,13.160953521728516,284.1153564453125,8.004207611083984,195.79409790039062,7.990798473358154
38.0,-5.625,13.0714750289917,283.88787841796875,8.011317253112793,195.8850860595703,7.990798473358154
39.0,-5.625,13.041403770446777,283.6615295410156,8.01370620727539,195.92080688476562,7.990798473358154
40.0,-5.625,12.999853134155273,283.4369812011719,8.017008781433105,195.9718780517578,7.990798473358154
41.0,-5.625,12.970459938049316,283.2132568359375,8.019343376159668,196.0147247314453,7.990798473358154
42.0,-5.625,12.978187561035156,282.98760986328125,8.018729209899902,196.02456665039062,7.990798473358154
43.0,-5.625,12.987683296203613,282.7618408203125,8.017975807189941,196.03660583496094,7.990798473358154
44.0,-5.625,12.831009864807129,282.55621337890625,8.030423164367676,196.21702575683594,7.990798473358154
45.0,-5.625,12.752453804016113,282.345703125,8.036664962768555,196.3235321044922,7.990798473358154
46.0,-5.625,12.766899108886719,282.1239929199219,8.035516738891602,196.3419189453125,7.990798473358154
47.0,-5.625,12.781137466430664,281.9024658203125,8.03438663482666,196.36441040039062,7.990798473358154
48.0,-5.625,12.773693084716797,281.6852111816406,8.034976959228516,196.4120330810547,7.990798473358154
49.0,-5.625,12.786226272583008,281.46478271484375,8.033980369567871,196.44393920898438,7.990798473358154
50.0,-5.625,12.729355812072754,281.2602844238281,8.038498878479004,196.54714965820312,7.990798473358154
51.0,-5.625,12.725322723388672,281.0458679199219,8.038820266723633,196.60256958007812,7.990798473358154
52.0,-5.625,12.725337028503418,280.83148193359375,8.038820266723633,196.65780639648438,7.990798473358154
53.0,-5.625,12.708999633789062,280.62255859375,8.040117263793945,196.73245239257812,7.990798473358154
54.0,-5.625,12.698018074035645,280.4136962890625,8.040990829467773,196.8055419921875,7.990798473358154
55.0,-5.625,12.716992378234863,280.1971130371094,8.039482116699219,196.8538055419922,7.990798473358154
56.0,-5.625,12.725320816040039,279.9845275878906,8.038820266723633,196.91598510742188,7.990798473358154
57.0,-5.625,12.725311279296875,279.7757873535156,8.038820266723633,196.98971557617188,7.990798473358154
58.0,-5.625,12.725319862365723,279.568359375,8.038820266723633,197.0670623779297,7.990798473358154
59.0,-5.625,12.680763244628906,279.37890625,8.04236125946045,197.18922424316406,7.990798473358154
60.0,-5.625,12.659340858459473,279.1833190917969,8.044063568115234,197.29315185546875,7.990798473358154
61.0,-5.625,12.684704780578613,278.97100830078125,8.042046546936035,197.35769653320312,7.990798473358154
62.0,-5.625,12.702971458435059,278.7624206542969,8.040596008300781,197.4325408935547,7.990798473358154
63.0,-5.625,12.725322723388672,278.5531311035156,8.038820266723633,197.50747680664062,7.990798473358154
64.0,-5.625,12.725320816040039,278.35491943359375,8.038820266723633,197.60609436035156,7.990798473358154
65.0,-5.625,12.671554565429688,278.1835632324219,8.04309368133545,197.75550842285156,7.990798473358154
66.0,-5.625,12.657028198242188,277.9967346191406,8.0442476272583,197.8732147216797,7.990798473358154
67.0,-5.625,12.688798904418945,277.7891845703125,8.04172134399414,197.95404052734375,7.990798473358154
68.0,-5.625,12.719606399536133,277.58306884765625,8.039275169372559,198.0395965576172,7.990798473358154
69.0,-5.625,12.755831718444824,277.37518310546875,8.036396980285645,198.12442016601562,7.990798473358154
70.0,-5.625,12.743484497070312,277.1946105957031,8.03737735748291,198.2538299560547,7.990798473358154
71.0,-5.625,12.683797836303711,277.0428771972656,8.042119979858398,198.42538452148438,7.990798473358154
72.0,-5.625,12.690643310546875,276.85699462890625,8.041576385498047,198.5446319580078,7.990798473358154
73.0,-5.625,12.728878021240234,276.6547546386719,8.038537979125977,198.641845703125,7.990798473358154
74.0,-5.625,12.76828670501709,276.4530029296875,8.035407066345215,198.74203491210938,7.990798473358154
75.0,-5.625,12.808862686157227,276.25177001953125,8.032182693481445,198.84523010253906,7.990798473358154
76.0,-5.625,12.77360725402832,276.099365234375,8.034982681274414,199.01112365722656,7.990798473358154
77.0,-5.625,12.719685554504395,275.9622802734375,8.039266586303711,199.19354248046875,7.990798473358154
78.0,-5.625,12.759960174560547,275.767578125,8.036067962646484,199.30679321289062,7.990798473358154
79.0,-5.625,12.804689407348633,275.5713806152344,8.032512664794922,199.42059326171875,7.990798473358154
80.0,-5.625,12.850665092468262,275.3757629394531,8.028861045837402,199.5374298095703,7.990798473358154
81.0,-5.625,12.897811889648438,275.18084716796875,8.025114059448242,199.6573486328125,7.990798473358154
82.0,-5.625,12.946216583251953,274.986572265625,8.021268844604492,199.7803497314453,7.990798473358154
83.0,-5.625,12.99286937713623,274.7951354980469,8.017561912536621,199.90853881835938,7.990798473358154
84.0,-5.625,12.994915008544922,274.6379089355469,8.017398834228516,200.07098388671875,7.990798473358154
85.0,-5.625,12.998396873474121,274.4824523925781,8.01712417602539,200.23521423339844,7.990798473358154
86.0,-5.625,13.000024795532227,274.33123779296875,8.016993522644043,200.4033966064453,7.990798473358154
87.0,-5.625,13.022700309753418,274.1669006347656,8.015192985534668,200.5607147216797,7.990798473358154
88.0,-5.625,13.077775001525879,273.9800109863281,8.010814666748047,200.70082092285156,7.990798473358154
89.0,-5.625,13.134167671203613,273.7939453125,8.006336212158203,200.84413146972656,7.990798473358154
90.0,-5.625,13.186250686645508,273.6132507324219,8.002197265625,200.9940185546875,7.990798473358154
91.0,-5.625,13.186264038085938,273.47662353515625,8.002197265625,201.17831420898438,7.990798473358154
92.0,-5.625,13.186248779296875,273.34326171875,8.002197265625,201.36497497558594,7.990798473358154
93.0,-5.625,13.186241149902344,273.2131652832031,8.002197265625,201.55393981933594,7.990798473358154
94.0,-5.625,13.186224937438965,273.0863952636719,8.002197265625,201.74514770507812,7.990798473358154
95.0,-5.625,13.186251640319824,272.96295166015625,8.002197265625,201.93850708007812,7.990798473358154
96.0,-5.625,13.186243057250977,272.8429260253906,8.002197265625,202.13401794433594,7.990798473358154
97.0,-5.625,13.186240196228027,272.726318359375,8.002197265625,202.33160400390625,7.990798473358154
98.0,-5.625,13.186237335205078,272.6131896972656,8.002197265625,202.5311737060547,7.990798473358154
99.0,-5.625,13.186246871948242,272.5035400390625,8.002197265625,202.73269653320312,7.990798473358154
100.0,-5.625,13.18622875213623,272.3974609375,8.002197265625,202.93609619140625,7.990798473358154
101.0,-5.625,13.186241149902344,272.294921875,8.002197265625,203.14129638671875,7.990798473358154
102.0,-5.625,13.18623161315918,272.19598388671875,8.002197265625,203.34829711914062,7.990798473358154
103.0,-5.625,13.186225891113281,272.1006774902344,8.002197265625,203.55697631835938,7.990798473358154
104.0,-5.625,13.186248779296875,272.0090026855469,8.002197265625,203.76727294921875,7.990798473358154
105.0,-5.625,13.186229705810547,271.9210510253906,8.002197265625,203.97915649414062,7.990798473358154
106.0,-5.625,13.186227798461914,271.8367919921875,8.002197265625,204.19253540039062,7.990798473358154
107.0,-5.625,13.186237335205078,271.7562561035156,8.002197265625,204.40736389160156,7.990798473358154
108.0,-5.625,13.18622875213623,271.67950439453125,8.002197265625,204.62355041503906,7.990798473358154
109.0,-5.625,13.18625259399414,271.60650634765625,8.002197265625,204.84103393554688,7.990798473358154
110.0,-5.625,13.186233520507812,271.537353515625,8.002197265625,205.05978393554688,7.990798473358154
111.0,-5.625,13.186233520507812,271.4720153808594,8.002197265625,205.27967834472656,7.990798473358154
112.0,-5.625,13.18623161315918,271.4105224609375,8.002197265625,205.50070190429688,7.990798473358154
113.0,-5.625,13.186251640319824,271.3528747558594,8.002197265625,205.72276306152344,7.990798473358154
114.0,-5.625,13.186250686645508,271.29913330078125,8.002197265625,205.94578552246094,7.990798473358154
115.0,-5.625,13.186243057250977,271.2492980957031,8.002197265625,206.1697235107422,7.990798473358154
116.0,-5.625,13.186245918273926,271.203369140625,8.002197265625,206.3944854736328,7.990798473358154
117.0,-5.625,13.186241149902344,271.161376953125,8.002197265625,206.62002563476562,7.990798473358154
118.0,-5.625,13.186244010925293,271.1233215332031,8.002197265625,206.84625244140625,7.990798473358154
119.0,-5.625,13.186230659484863,271.0892333984375,8.002197265625,207.0731201171875,7.990798473358154
120.0,-5.625,13.186245918273926,271.05908203125,8.002197265625,207.30055236816406,7.990798473358154
121.0,-5.625,13.186236381530762,271.0329284667969,8.002197265625,207.52847290039062,7.990798473358154
122.0,-5.625,13.186244010925293,271.0107421875,8.002197265625,207.75680541992188,7.990798473358154
123.0,-5.625,13.186239242553711,270.9925537109375,8.002197265625,207.98550415039062,7.990798473358154
124.0,-5.625,13.186232566833496,270.9783630371094,8.002197265625,208.21446228027344,7.990798473358154
125.0,-5.625,13.186226844787598,270.9681701660156,8.002197265625,208.4436492919922,7.990798473358154
126.0,-5.625,13.154838562011719,270.9932556152344,8.004691123962402,208.67355346679688,7.990798473358154
127.0,-5.625,13.064809799194336,271.080810546875,8.011845588684082,208.90249633789062,7.990798473358154
128.0,-5.625,12.97597599029541,271.171142578125,8.018902778625488,209.12831115722656,7.990798473358154
129.0,-5.625,12.955772399902344,271.1969909667969,8.020508766174316,209.35330200195312,7.990798473358154
130.0,-5.625,12.955770492553711,271.2066345214844,8.020508766174316,209.5784912109375,7.990798473358154
131.0,-5.625,12.95576286315918,271.22021484375,8.020508766174316,209.80349731445312,7.990798473358154
132.0,-5.625,12.955770492553711,271.2377014160156,8.020508766174316,210.02821350097656,7.990798473358154
133.0,-5.625,12.955764770507812,271.2591247558594,8.020508766174316,210.2526092529297,7.990798473358154
134.0,-5.625,12.955761909484863,271.2844543457031,8.020508766174316,210.47657775878906,7.990798473358154
135.0,-5.625,12.955788612365723,271.31365966796875,8.020508766174316,210.7000732421875,7.990798473358154
136.0,-5.625,12.955777168273926,271.3468017578125,8.020508766174316,210.92303466796875,7.990798473358154
137.0,-5.625,13.037270545959473,271.3038024902344,8.014034271240234,211.15940856933594,7.990798473358154
138.0,-5.625,13.138312339782715,271.2460632324219,8.006004333496094,211.401611328125,7.990798473358154
139.0,-5.625,13.186224937438965,271.2447204589844,8.002197265625,211.63552856445312,7.990798473358154
140.0,-5.625,13.186224937438965,271.294189453125,8.002197265625,211.85955810546875,7.990798473358154
141.0,-5.625,13.18624210357666,271.3475341796875,8.002197265625,212.08265686035156,7.990798473358154
142.0,-5.625,13.186247825622559,271.40478515625,8.002197265625,212.30482482910156,7.990798473358154
143.0,-5.625,13.18624210357666,271.4659118652344,8.002197265625,212.52593994140625,7.990798473358154
144.0,-5.625,13.186245918273926,271.5308837890625,8.002197265625,212.7459716796875,7.990798473358154
145.0,-5.625,13.186227798461914,271.5997009277344,8.002197265625,212.96481323242188,7.990798473358154
146.0,-5.625,13.186237335205078,271.67230224609375,8.002197265625,213.18243408203125,7.990798473358154
147.0,-5.625,13.186216354370117,271.74871826171875,8.002197265625,213.39874267578125,7.990798473358154
148.0,-5.625,13.186243057250977,271.828857421875,8.002197265625,213.61370849609375,7.990798473358154
149.0,-5.625,13.186219215393066,271.91278076171875,8.002197265625,213.8272247314453,7.990798473358154
150.0,-5.625,13.186217308044434,272.0003967285156,8.002197265625,214.03924560546875,7.990798473358154
151.0,-5.625,13.186240196228027,272.0916748046875,8.002197265625,214.2497100830078,7.990798473358154
152.0,-5.625,13.186227798461914,272.1866455078125,8.002197265625,214.4585418701172,7.990798473358154
153.0,-5.625,13.186220169067383,272.2852478027344,8.002197265625,214.6656951904297,7.990798473358154
154.0,-5.625,13.18623161315918,272.3874206542969,8.002197265625,214.87107849121094,7.990798473358154
155.0,-5.625,13.174400329589844,272.50360107421875,8.003137588500977,215.0691375732422,7.990798473358154
156.0,-5.625,13.107795715332031,272.6708984375,8.008430480957031,215.238525390625,7.990798473358154
157.0,-5.625,13.042470932006836,272.8394470214844,8.013620376586914,215.4045867919922,7.990798473358154
158.0,-5.625,12.97844123840332,273.0091857910156,8.018708229064941,215.56736755371094,7.990798473358154
159.0,-5.625,12.955778121948242,273.14617919921875,8.020508766174316,215.748046875,7.990798473358154
160.0,-5.625,12.955781936645508,273.2671203613281,8.020508766174316,215.93824768066406,7.990798473358154
161.0,-5.625,12.955767631530762,273.3913879394531,8.020508766174316,216.12631225585938,7.990798473358154
162.0,-5.625,12.955777168273926,273.5188903808594,8.020508766174316,216.3121795654297,7.990798473358154
163.0,-5.625,12.955774307250977,273.6496276855469,8.020508766174316,216.49578857421875,7.990798473358154
164.0,-5.625,12.95578384399414,273.7835388183594,8.020508766174316,216.67709350585938,7.990798473358154
165.0,-5.625,12.937044143676758,273.9353332519531,8.021998405456543,216.84454345703125,7.990798473358154
166.0,-5.625,12.881404876708984,274.1184387207031,8.02641773223877,216.98594665527344,7.990798473358154
167.0,-5.625,12.827028274536133,274.3023986816406,8.03073787689209,217.1241912841797,7.990798473358154
168.0,-5.625,12.77390193939209,274.4871826171875,8.03495979309082,217.25929260253906,7.990798473358154
169.0,-5.625,12.731002807617188,274.6661071777344,8.038368225097656,217.39727783203125,7.990798473358154
170.0,-5.625,12.818704605102539,274.7516174316406,8.03139877319336,217.62026977539062,7.990798473358154
171.0,-5.625,12.90622329711914,274.8421936035156,8.024447441101074,217.8427276611328,7.990798473358154
172.0,-5.625,12.95576286315918,274.9645080566406,8.020508766174316,218.0379180908203,7.990798473358154
173.0,-5.625,12.955781936645508,275.1251220703125,8.020508766174316,218.196044921875,7.990798473358154
174.0,-5.625,12.955774307250977,275.2884826660156,8.020508766174316,218.351318359375,7.990798473358154
175.0,-5.625,12.95576000213623,275.4545593261719,8.020508766174316,218.5037384033203,7.990798473358154
176.0,-5.625,12.955780029296875,275.62322998046875,8.020508766174316,218.6532440185547,7.990798473358154
177.0,-5.625,12.955765724182129,275.7945251464844,8.020508766174316,218.79977416992188,7.990798473358154
178.0,-5.625,12.955774307250977,275.96832275390625,8.020508766174316,218.94329833984375,7.990798473358154
179.0,-5.625,12.955758094787598,276.1446228027344,8.020508766174316,219.08375549316406,7.990798473358154
180.0,-5.625,13.001869201660156,276.2956237792969,8.016846656799316,219.25779724121094,7.990798473358154
181.0,-5.625,13.079442977905273,276.4318542480469,8.010683059692383,219.4550323486328,7.990798473358154
182.0,-5.625,13.156084060668945,276.5731201171875,8.004593849182129,219.64987182617188,7.990798473358154
183.0,-5.625,13.186241149902344,276.74481201171875,8.002197265625,219.80458068847656,7.990798473358154
184.0,-5.625,13.186258316040039,276.9360046386719,8.002197265625,219.93138122558594,7.990798473358154
185.0,-5.625,13.186243057250977,277.12939453125,8.002197265625,220.05479431152344,7.990798473358154
186.0,-5.625,13.186239242553711,277.3249206542969,8.002197265625,220.17483520507812,7.990798473358154
187.0,-5.625,13.186219215393066,277.5224914550781,8.002197265625,220.29141235351562,7.990798473358154
188.0,-5.625,13.186236381530762,277.7220458984375,8.002197265625,220.40455627441406,7.990798473358154
189.0,-5.625,13.186253547668457,277.9235534667969,8.002197265625,220.5142059326172,7.990798473358154
190.0,-5.625,13.186220169067383,278.1269836425781,8.002197265625,220.6202850341797,7.990798473358154
191.0,-5.625,13.186247825622559,278.3321838378906,8.002197265625,220.72283935546875,7.990798473358154
192.0,-5.625,13.186239242553711,278.5391845703125,8.002197265625,220.82177734375,7.990798473358154
193.0,-5.625,13.186234474182129,278.74786376953125,8.002197265625,220.91708374023438,7.990798473358154
194.0,-5.625,13.186243057250977,278.9581604003906,8.002197265625,221.0087432861328,7.990798473358154
195.0,-5.625,13.186237335205078,279.1700439453125,8.002197265625,221.09671020507812,7.990798473358154
196.0,-5.625,13.186237335205078,279.3834228515625,8.002197265625,221.18096923828125,7.990798473358154
197.0,-5.625,13.186250686645508,279.5982360839844,8.002197265625,221.26150512695312,7.990798473358154
198.0,-5.625,13.18622875213623,279.8144226074219,8.002197265625,221.33824157714844,7.990798473358154
199.0,-5.625,13.186233520507812,280.03192138671875,8.002197265625,221.41122436523438,7.990798473358154
200.0,-5.625,13.186243057250977,280.25067138671875,8.002197265625,221.48040771484375,7.990798473358154
201.0,-5.625,13.186239242553711,280.4705810546875,8.002197265625,221.54574584960938,7.990798473358154
202.0,-5.625,13.18624210357666,280.69158935546875,8.002197265625,221.60723876953125,7.990798473358154
203.0,-5.625,13.186249732971191,280.91363525390625,8.002197265625,221.6648712158203,7.990798473358154
204.0,-5.625,13.186236381530762,281.13665771484375,8.002197265625,221.71859741210938,7.990798473358154
205.0,-5.625,13.1862211227417,281.3606262207031,8.002197265625,221.7684326171875,7.990798473358154
206.0,-5.625,13.186245918273926,281.5853576660156,8.002197265625,221.8143768310547,7.990798473358154
207.0,-5.625,13.18625259399414,281.8109130859375,8.002197265625,221.85638427734375,7.990798473358154
208.0,-5.625,13.186240196228027,282.0371398925781,8.002197265625,221.89442443847656,7.990798473358154
209.0,-5.625,13.186243057250977,282.2640075683594,8.002197265625,221.92852783203125,7.990798473358154
210.0,-5.625,13.186245918273926,282.4914245605469,8.002197265625,221.9586639404297,7.990798473358154
211.0,-5.625,13.186235427856445,282.7193603515625,8.002197265625,221.9848175048828,7.990798473358154
212.0,-5.625,13.186256408691406,282.94769287109375,8.002197265625,222.00701904296875,7.990798473358154
213.0,-5.625,13.186238288879395,283.1763916015625,8.002197265625,222.0251922607422,7.990798473358154
214.0,-5.625,13.186246871948242,283.4053649902344,8.002197265625,222.03939819335938,7.990798473358154
215.0,-5.625,13.186241149902344,283.6345520019531,8.002197265625,222.04959106445312,7.990798473358154
216.0,-5.625,13.186237335205078,283.8638610839844,8.002197265625,222.0557861328125,7.990798473358154
217.0,-5.625,13.18625545501709,284.09326171875,8.002197265625,222.05799865722656,7.990798473358154
218.0,-5.625,13.186233520507812,284.3226623535156,8.002197265625,222.05616760253906,7.990798473358154
219.0,-5.625,13.186233520507812,284.552001953125,8.002197265625,222.05035400390625,7.990798473358154
220.0,-5.625,13.186250686645508,284.7812194824219,8.002197265625,222.04055786132812,7.990798473358154
221.0,-5.625,13.186241149902344,285.0102233886719,8.002197265625,222.0267333984375,7.990798473358154
222.0,-5.625,13.186239242553711,285.2389221191406,8.002197265625,222.00892639160156,7.990798473358154
223.0,-5.625,13.186233520507812,285.4673156738281,8.002197265625,221.98712158203125,7.990798473358154
224.0,-5.625,13.186251640319824,285.69525146484375,8.002197265625,221.96136474609375,7.990798473358154
225.0,-5.625,13.18625545501709,285.9227600097656,8.002197265625,221.93161010742188,7.990798473358154
226.0,-5.625,13.186248779296875,286.149658203125,8.002197265625,221.89788818359375,7.990798473358154
227.0,-5.625,13.186236381530762,286.3759765625,8.002197265625,221.86019897460938,7.990798473358154
228.0,-5.625,13.186254501342773,286.6015625,8.002197265625,221.818603515625,7.990798473358154
229.0,-5.625,13.186243057250977,286.826416015625,8.002197265625,221.77304077148438,7.990798473358154
230.0,-5.625,13.18624210357666,287.0504455566406,8.002197265625,221.72357177734375,7.990798473358154
231.0,-5.625,13.186249732971191,287.2735595703125,8.002197265625,221.6702117919922,7.990798473358154
232.0,-5.625,13.186246871948242,287.4956970214844,8.002197265625,221.6129608154297,7.990798473358154
233.0,-5.625,13.186245918273926,287.7168273925781,8.002197265625,221.5518341064453,7.990798473358154
234.0,-5.625,13.186241149902344,287.93682861328125,8.002197265625,221.4868621826172,7.990798473358154
235.0,-5.625,13.186245918273926,288.15570068359375,8.002197265625,221.41806030273438,7.990798473358154
236.0,-5.625,13.186257362365723,288.3733215332031,8.002197265625,221.345458984375,7.990798473358154
237.0,-5.625,13.186236381530762,288.5896301269531,8.002197265625,221.26904296875,7.990798473358154
238.0,-5.625,13.186248779296875,288.8045959472656,8.002197265625,221.1888885498047,7.990798473358154
239.0,-5.625,13.186234474182129,289.0180969238281,8.002197265625,221.10498046875,7.990798473358154
240.0,-5.625,13.186236381530762,289.2301330566406,8.002197265625,221.01736450195312,7.990798473358154
241.0,-5.625,13.186239242553711,289.4405822753906,8.002197265625,220.9260711669922,7.990798473358154
242.0,-5.625,13.18624210357666,289.6494140625,8.002197265625,220.83111572265625,7.990798473358154
243.0,-5.625,13.186247825622559,289.8565979003906,8.002197265625,220.73251342773438,7.990798473358154
244.0,-5.625,13.18624496459961,290.0619812011719,8.002197265625,220.6303253173828,7.990798473358154
245.0,-5.625,13.186232566833496,290.2655334472656,8.002197265625,220.52456665039062,7.990798473358154
246.0,-5.625,13.186239242553711,290.4672546386719,8.002197265625,220.41526794433594,7.990798473358154
247.0,-5.625,13.186246871948242,290.6670227050781,8.002197265625,220.30247497558594,7.990798473358154
248.0,-5.625,13.186239242553711,290.8647766113281,8.002197265625,220.1862030029297,7.990798473358154
249.0,-5.625,13.186241149902344,291.0605163574219,8.002197265625,220.0664825439453,7.990798473358154
250.0,-5.625,13.186241149902344,291.25408935546875,8.002197265625,219.94338989257812,7.990798473358154
251.0,-5.625,13.186248779296875,291.44549560546875,8.002197265625,219.8169403076172,7.990798473358154
252.0,-5.625,13.18624210357666,291.6346740722656,8.002197265625,219.68714904785156,7.990798473358154
253.0,-5.625,13.186253547668457,291.8215637207031,8.002197265625,219.55409240722656,7.990798473358154
254.0,-5.625,13.186240196228027,292.0060729980469,8.002197265625,219.41778564453125,7.990798473358154
255.0,-5.625,13.186239242553711,292.1882019042969,8.002197265625,219.2782745361328,7.990798473358154
256.0,-5.625,13.186243057250977,292.36785888671875,8.002197265625,219.1356201171875,7.990798473358154
257.0,-5.625,13.186256408691406,292.5450134277344,8.002197265625,218.98985290527344,7.990798473358154
258.0,-5.625,13.186246871948242,292.7195739746094,8.002197265625,218.84100341796875,7.990798473358154
259.0,-5.625,13.186258316040039,292.89154052734375,8.002197265625,218.6891326904297,7.990798473358154
260.0,-5.625,13.18624496459961,293.060791015625,8.002197265625,218.53428649902344,7.990798473358154
261.0,-5.625,13.186248779296875,293.22735595703125,8.002197265625,218.37649536132812,7.990798473358154
262.0,-5.625,13.186256408691406,293.39111328125,8.002197265625,218.21585083007812,7.990798473358154
263.0,-5.625,13.18625259399414,293.5520324707031,8.002197265625,218.0523681640625,7.990798473358154
264.0,-5.625,13.186239242553711,293.7100830078125,8.002197265625,217.88607788085938,7.990798473358154
265.0,-5.625,13.186257362365723,293.865234375,8.002197265625,217.71707153320312,7.990798473358154
266.0,-5.625,13.186260223388672,294.01739501953125,8.002197265625,217.54537963867188,7.990798473358154
267.0,-5.625,13.186229705810547,294.16650390625,8.002197265625,217.3710479736328,7.990798473358154
268.0,-5.625,13.18625259399414,294.3125915527344,8.002197265625,217.1941680908203,7.990798473358154
269.0,-5.625,13.186257362365723,294.45556640625,8.002197265625,217.01473999023438,7.990798473358154
270.0,-5.625,13.18627643585205,294.59539794921875,8.002197265625,216.83285522460938,7.990798473358154
271.0,-5.625,13.186254501342773,294.73199462890625,8.002197265625,216.64854431152344,7.990798473358154
272.0,-5.625,13.186240196228027,294.8653564453125,8.002197265625,216.46188354492188,7.990798473358154
273.0,-5.625,13.186240196228027,294.9954528808594,8.002197265625,216.27293395996094,7.990798473358154
274.0,-5.625,13.186250686645508,295.12225341796875,8.002197265625,216.08172607421875,7.990798473358154
275.0,-5.625,13.186244010925293,295.24566650390625,8.002197265625,215.8883514404297,7.990798473358154
276.0,-5.625,13.186261177062988,295.36572265625,8.002197265625,215.69284057617188,7.990798473358154
277.0,-5.625,13.186240196228027,295.4822998046875,8.002197265625,215.49526977539062,7.990798473358154
278.0,-5.625,13.186263084411621,295.595458984375,8.002197265625,215.2957000732422,7.990798473358154
279.0,-5.625,13.186246871948242,295.705078125,8.002197265625,215.09417724609375,7.990798473358154
280.0,-5.625,13.186254501342773,295.8111877441406,8.002197265625,214.89077758789062,7.990798473358154
281.0,-5.625,13.18625545501709,295.9137268066406,8.002197265625,214.685546875,7.990798473358154
282.0,-5.625,13.186260223388672,296.0126647949219,8.002197265625,214.47857666015625,7.990798473358154
283.0,-5.625,13.18625545501709,296.10797119140625,8.002197265625,214.2698974609375,7.990798473358154
284.0,-5.625,13.186271667480469,296.19964599609375,8.002197265625,214.05958557128906,7.990798473358154
285.0,-5.625,13.186257362365723,296.28759765625,8.002197265625,213.84771728515625,7.990798473358154
286.0,-5.625,13.186256408691406,296.3718566894531,8.002197265625,213.63433837890625,7.990798473358154
287.0,-5.625,13.18624210357666,296.4523620605469,8.002197265625,213.41952514648438,7.990798473358154
288.0,-5.625,13.186258316040039,296.5291442871094,8.002197265625,213.2033233642578,7.990798473358154
289.0,-5.625,13.186248779296875,296.60211181640625,8.002197265625,212.98582458496094,7.990798473358154
290.0,-5.625,13.186262130737305,296.6712951660156,8.002197265625,212.76708984375,7.990798473358154
291.0,-5.625,13.186259269714355,296.73663330078125,8.002197265625,212.54718017578125,7.990798473358154
292.0,-5.625,13.186261177062988,296.7981262207031,8.002197265625,212.326171875,7.990798473358154
293.0,-5.625,13.186247825622559,296.8557434082031,8.002197265625,212.10409545898438,7.990798473358154
294.0,-5.625,13.186250686645508,296.90948486328125,8.002197265625,211.88108825683594,7.990798473358154
295.0,-5.625,13.186272621154785,296.9593505859375,8.002197265625,211.6571502685547,7.990798473358154
296.0,-5.625,13.186245918273926,297.0052490234375,8.002197265625,211.43238830566406,7.990798473358154
297.0,-5.625,13.186270713806152,297.0472717285156,8.002197265625,211.20684814453125,7.990798473358154
298.0,-5.625,13.186270713806152,297.0853271484375,8.002197265625,210.98060607910156,7.990798473358154
299.0,-5.625,13.186261177062988,297.1194152832031,8.002197265625,210.75375366210938,7.990798473358154
300.0,-5.625,13.18624496459961,297.1495361328125,8.002197265625,210.5263214111328,7.990798473358154
301.0,-5.625,13.186266899108887,297.17572021484375,8.002197265625,210.29840087890625,7.990798473358154
302.0,-5.625,13.186241149902344,297.1978759765625,8.002197265625,210.07005310058594,7.990798473358154
303.0,-5.625,13.186269760131836,297.2160949707031,8.002197265625,209.84136962890625,7.990798473358154
304.0,-5.625,13.186263084411621,297.23028564453125,8.002197265625,209.61239624023438,7.990798473358154
305.0,-5.625,13.186256408691406,297.240478515625,8.002197265625,209.38320922851562,7.990798473358154
306.0,-5.625,13.186254501342773,297.2466735839844,8.002197265625,209.1538848876953,7.990798473358154
307.0,-5.625,13.186256408691406,297.2488708496094,8.002197265625,208.9244842529297,7.990798473358154
308.0,-5.625,13.186264991760254,297.2470703125,8.002197265625,208.695068359375,7.990798473358154
309.0,-5.625,13.186278343200684,297.24127197265625,8.002197265625,208.4657440185547,7.990798473358154
310.0,-5.625,13.186266899108887,297.2314453125,8.002197265625,208.2365264892578,7.990798473358154
311.0,-5.625,13.18625545501709,297.2176208496094,8.002197265625,208.00753784179688,7.990798473358154
312.0,-5.625,13.186239242553711,297.1997985839844,8.002197265625,207.77882385253906,7.990798473358154
313.0,-5.625,13.186246871948242,297.1780090332031,8.002197265625,207.55044555664062,7.990798473358154
314.0,-5.625,13.186266899108887,297.1522521972656,8.002197265625,207.32249450683594,7.990798473358154
315.0,-5.625,13.18626880645752,297.12249755859375,8.002197265625,207.09500122070312,7.990798473358154
316.0,-5.625,13.186264038085938,297.0887756347656,8.002197265625,206.8680877685547,7.990798473358154
317.0,-5.625,13.186248779296875,297.05108642578125,8.002197265625,206.64178466796875,7.990798473358154
318.0,-5.625,13.186273574829102,297.0094909667969,8.002197265625,206.41616821289062,7.990798473358154
319.0,-5.625,13.186257362365723,296.96392822265625,8.002197265625,206.1913299560547,7.990798473358154
320.0,-5.625,13.186253547668457,296.9144592285156,8.002197265625,205.96731567382812,7.990798473358154
321.0,-5.625,13.186275482177734,296.8611145019531,8.002197265625,205.74420166015625,7.990798473358154
322.0,-5.625,13.186247825622559,296.8038330078125,8.002197265625,205.5220489501953,7.990798473358154
323.0,-5.625,13.186271667480469,296.74273681640625,8.002197265625,205.30093383789062,7.990798473358154
324.0,-5.625,13.18624496459961,296.677734375,8.002197265625,205.08090209960938,7.990798473358154
325.0,-5.625,13.186261177062988,296.60894775390625,8.002197265625,204.86204528808594,7.990798473358154
326.0,-5.625,13.186271667480469,296.5363464355469,8.002197265625,204.64442443847656,7.990798473358154
327.0,-5.625,13.186250686645508,296.4599304199219,8.002197265625,204.42811584472656,7.990798473358154
328.0,-5.625,13.186243057250977,296.3797607421875,8.002197265625,204.21316528320312,7.990798473358154
329.0,-5.625,13.186248779296875,296.2958679199219,8.002197265625,203.99964904785156,7.990798473358154
330.0,-5.625,13.18624496459961,296.208251953125,8.002197265625,203.78762817382812,7.990798473358154
331.0,-5.625,13.186240196228027,296.116943359375,8.002197265625,203.57716369628906,7.990798473358154
332.0,-5.625,13.186263084411621,296.0220031738281,8.002197265625,203.36831665039062,7.990798473358154
333.0,-5.625,13.18625545501709,295.92340087890625,8.002197265625,203.16116333007812,7.990798473358154
334.0,-5.625,13.186237335205078,295.8211975097656,8.002197265625,202.95578002929688,7.990798473358154
335.0,-5.625,13.186253547668457,295.7154541015625,8.002197265625,202.752197265625,7.990798473358154
336.0,-5.625,13.186246871948242,295.60614013671875,8.002197265625,202.55047607421875,7.990798473358154
337.0,-5.625,13.186247825622559,295.49334716796875,8.002197265625,202.35072326660156,7.990798473358154
338.0,-5.625,13.186246871948242,295.3770751953125,8.002197265625,202.1529541015625,7.990798473358154
339.0,-5.625,13.186260223388672,295.25738525390625,8.002197265625,201.95724487304688,7.990798473358154
340.0,-5.625,13.18624496459961,295.13427734375,8.002197265625,201.763671875,7.990798473358154
341.0,-5.625,13.186248779296875,295.0078125,8.002197265625,201.57225036621094,7.990798473358154
342.0,-5.625,13.186243057250977,294.8780212402344,8.002197265625,201.38307189941406,7.990798473358154
343.0,-5.625,13.186269760131836,294.7449951171875,8.002197265625,201.19619750976562,7.990798473358154
344.0,-5.625,13.186262130737305,294.6086730957031,8.002197265625,201.01165771484375,7.990798473358154
345.0,-5.625,13.186263084411621,294.46917724609375,8.002197265625,200.8295440673828,7.990798473358154
346.0,-5.625,13.186254501342773,294.3265075683594,8.002197265625,200.64988708496094,7.990798473358154
347.0,-5.625,13.186257362365723,294.18072509765625,8.002197265625,200.4727325439453,7.990798473358154
348.0,-5.625,13.186258316040039,294.0318908691406,8.002197265625,200.2981719970703,7.990798473358154
349.0,-5.625,13.186259269714355,293.8800354003906,8.002197265625,200.12623596191406,7.990798473358154
350.0,-5.625,13.18624496459961,293.72515869140625,8.002197265625,199.9569549560547,7.990798473358154
351.0,-5.625,13.186249732971191,293.5673828125,8.002197265625,199.7904052734375,7.990798473358154
352.0,-5.625,13.186256408691406,293.40673828125,8.002197265625,199.62664794921875,7.990798473358154
353.0,-5.625,13.186263084411621,293.2432556152344,8.002197265625,199.46571350097656,7.990798473358154
354.0,-5.625,13.186250686645508,293.07696533203125,8.002197265625,199.3076629638672,7.990798473358154
355.0,-5.625,13.186267852783203,292.907958984375,8.002197265625,199.1525115966797,7.990798473358154
356.0,-5.625,13.186258316040039,292.73626708984375,8.002197265625,199.0003662109375,7.990798473358154
357.0,-5.625,13.186254501342773,292.5619201660156,8.002197265625,198.85121154785156,7.990798473358154
358.0,-5.625,13.186264038085938,292.3850402832031,8.002197265625,198.70513916015625,7.990798473358154
359.0,-5.625,13.18626594543457,292.20562744140625,8.002197265625,198.5621795654297,7.990798473358154
0.0,-11.25,6.670985698699951,288.11077880859375,8.002197265625,203.6834716796875,7.990798473358154
1.0,-11.25,6.671011924743652,288.0189208984375,8.002197265625,203.6143341064453,7.990798473358154
2.0,-11.25,6.6710004806518555,287.9258117675781,8.002197265625,203.54681396484375,7.990798473358154
3.0,-11.25,6.670998573303223,287.8315734863281,8.002197265625,203.48094177246094,7.990798473358154
4.0,-11.25,6.670992851257324,287.7362060546875,8.002197265625,203.41673278808594,7.990798473358154
5.0,-11.25,6.670984268188477,287.63970947265625,8.002197265625,203.35418701171875,7.990798473358154
6.0,-11.25,6.671006202697754,287.5421447753906,8.002197265625,203.29330444335938,7.990798473358154
7.0,-11.25,6.671011924743652,287.4435729980469,8.002197265625,203.2341766357422,7.990798473358154
8.0,-11.25,6.671009540557861,287.34393310546875,8.002197265625,203.1767578125,7.990798473358154
9.0,-11.25,6.671006202697754,287.2433166503906,8.002197265625,203.12109375,7.990798473358154
10.0,-11.25,6.6710028648376465,287.1417541503906,8.002197265625,203.06719970703125,7.990798473358154
11.0,-11.25,6.671013355255127,287.0392761230469,8.002197265625,203.01507568359375,7.990798473358154
12.0,-11.25,6.6710100173950195,286.9358825683594,8.002197265625,202.96475219726562,7.990798473358154
13.0,-11.25,6.67100715637207,286.8316345214844,8.002197265625,202.91624450683594,7.990798473358154
14.0,-11.25,6.6710052490234375,286.7265319824219,8.002197265625,202.8695526123047,7.990798473358154
15.0,-11.25,6.6710124015808105,286.62066650390625,8.002197265625,202.82470703125,7.990798473358154
16.0,-11.25,6.671002388000488,286.5140075683594,8.002197265625,202.78172302246094,7.990798473358154
17.0,-11.25,6.671010494232178,286.4066467285156,8.002197265625,202.7406005859375,7.990798473358154
18.0,-11.25,6.67099666595459,286.2985534667969,8.002197265625,202.7013702392578,7.990798473358154
19.0,-11.25,6.671006202697754,286.1898193359375,8.002197265625,202.6640167236328,7.990798473358154
20.0,-11.25,6.671000957489014,286.0804138183594,8.002197265625,202.62857055664062,7.990798473358154
21.0,-11.25,6.670994758605957,285.9704284667969,8.002197265625,202.5950469970703,7.990798473358154
22.0,-11.25,6.671002388000488,285.85986328125,8.002197265625,202.5634307861328,7.990798473358154
23.0,-11.25,6.670995235443115,285.748779296875,8.002197265625,202.5337677001953,7.990798473358154
24.0,-11.25,6.671010971069336,285.63720703125,8.002197265625,202.5060272216797,7.990798473358154
25.0,-11.25,6.671005725860596,285.525146484375,8.002197265625,202.48025512695312,7.990798473358154
26.0,-11.25,6.670993804931641,285.41265869140625,8.002197265625,202.45645141601562,7.990798473358154
27.0,-11.25,6.670995235443115,285.2997741699219,8.002197265625,202.43460083007812,7.990798473358154
28.0,-11.25,6.6710100173950195,285.1864929199219,8.002197265625,202.41470336914062,7.990798473358154
29.0,-11.25,6.671011447906494,285.0729064941406,8.002197265625,202.3968048095703,7.990798473358154
30.0,-11.25,6.670986652374268,284.95904541015625,8.002197265625,202.38092041015625,7.990798473358154
31.0,-11.25,6.670992374420166,284.8448791503906,8.002197265625,202.3669891357422,7.990798473358154
32.0,-11.25,6.6709980964660645,284.73052978515625,8.002197265625,202.3550567626953,7.990798473358154
33.0,-11.25,6.670985698699951,284.615966796875,8.002197265625,202.3451385498047,7.990798473358154
34.0,-11.25,6.671008110046387,284.50128173828125,8.002197265625,202.33718872070312,7.990798473358154
35.0,-11.25,6.671001434326172,284.3864440917969,8.002197265625,202.33126831054688,7.990798473358154
36.0,-11.25,6.671000957489014,284.2715148925781,8.002197265625,202.3273468017578,7.990798473358154
37.0,-11.25,6.671009063720703,284.15655517578125,8.002197265625,202.32542419433594,7.990798473358154
38.0,-11.25,6.670993804931641,284.04156494140625,8.002197265625,202.32553100585938,7.990798473358154
39.0,-11.25,6.671001434326172,283.9266052246094,8.002197265625,202.32762145996094,7.990798473358154
40.0,-11.25,6.671002388000488,283.8116760253906,8.002197265625,202.33172607421875,7.990798473358154
41.0,-11.25,6.6710076332092285,283.6968688964844,8.002197265625,202.33782958984375,7.990798473358154
42.0,-11.25,6.670985698699951,283.5821838378906,8.002197265625,202.34596252441406,7.990798473358154
43.0,-11.25,6.670998573303223,283.4676208496094,8.002197265625,202.35606384277344,7.990798473358154
44.0,-11.25,6.670994281768799,283.353271484375,8.002197265625,202.36817932128906,7.990798473358154
45.0,-11.25,6.6709980964660645,283.2391662597656,8.002197265625,202.3822784423828,7.990798473358154
46.0,-11.25,6.671005725860596,283.1253356933594,8.002197265625,202.3983612060547,7.990798473358154
47.0,-11.25,6.67100715637207,283.0117492675781,8.002197265625,202.41644287109375,7.990798473358154
48.0,-11.25,6.670999050140381,282.8985290527344,8.002197265625,202.43650817871094,7.990798473358154
49.0,-11.25,6.670995235443115,282.7856750488281,8.002197265625,202.4585418701172,7.990798473358154
50.0,-11.25,6.670999526977539,282.6732482910156,8.002197265625,202.48252868652344,7.990798473358154
51.0,-11.25,6.670988082885742,282.56121826171875,8.002197265625,202.5084991455078,7.990798473358154
52.0,-11.25,6.670998573303223,282.4496765136719,8.002197265625,202.53639221191406,7.990798473358154
53.0,-11.25,6.671004295349121,282.338623046875,8.002197265625,202.5662384033203,7.990798473358154
54.0,-11.25,6.671001434326172,282.2281188964844,8.002197265625,202.5980224609375,7.990798473358154
55.0,-11.25,6.670998573303223,282.1181945800781,8.002197265625,202.63172912597656,7.990798473358154
56.0,-11.25,6.670984745025635,282.0088806152344,8.002197265625,202.6673583984375,7.990798473358154
57.0,-11.25,6.671003341674805,281.9001770019531,8.002197265625,202.70486450195312,7.990798473358154
58.0,-11.25,6.670997142791748,281.79217529296875,8.002197265625,202.74427795410156,7.990798473358154
59.0,-11.25,6.670989990234375,281.6848449707031,8.002197265625,202.78558349609375,7.990798473358154
60.0,-11.25,6.670992851257324,281.5782775878906,8.002197265625,202.8287353515625,7.990798473358154
61.0,-11.25,6.670990467071533,281.47247314453125,8.002197265625,202.87374877929688,7.990798473358154
62.0,-11.25,6.670997142791748,281.367431640625,8.002197265625,202.9206085205078,7.990798473358154
63.0,-11.25,6.670992374420166,281.2632751464844,8.002197265625,202.9692840576172,7.990798473358154
64.0,-11.25,6.671001434326172,281.15997314453125,8.002197265625,203.01976013183594,7.990798473358154
65.0,-11.25,6.670997142791748,281.05755615234375,8.002197265625,203.07205200195312,7.990798473358154
66.0,-11.25,6.670992374420166,280.9560852050781,8.002197265625,203.12611389160156,7.990798473358154
67.0,-11.25,6.670987606048584,280.8555603027344,8.002197265625,203.18194580078125,7.990798473358154
68.0,-11.25,6.671008110046387,280.7560119628906,8.002197265625,203.239501953125,7.990798473358154
69.0,-11.25,6.670997619628906,280.6575012207031,8.002197265625,203.29881286621094,7.990798473358154
70.0,-11.25,6.670978546142578,280.56005859375,8.002197265625,203.35983276367188,7.990798473358154
71.0,-11.25,6.671004295349121,280.4636535644531,8.002197265625,203.42251586914062,7.990798473358154
72.0,-11.25,6.670986175537109,280.368408203125,8.002197265625,203.4868927001953,7.990798473358154
73.0,-11.25,6.670981407165527,280.2742614746094,8.002197265625,203.5529327392578,7.990798473358154
74.0,-11.25,6.670992851257324,280.1812744140625,8.002197265625,203.62059020996094,7.990798473358154
75.0,-11.25,6.670985221862793,280.0895080566406,8.002197265625,203.6898651123047,7.990798473358154
76.0,-11.25,6.671001434326172,279.9989318847656,8.002197265625,203.76072692871094,7.990798473358154
77.0,-11.25,6.671008110046387,279.9096374511719,8.002197265625,203.83314514160156,7.990798473358154
78.0,-11.25,6.670982360839844,279.8216247558594,8.002197265625,203.9071502685547,7.990798473358154
79.0,-11.25,6.670985221862793,279.73492431640625,8.002197265625,203.98263549804688,7.990798473358154
80.0,-11.25,6.67099142074585,279.6495056152344,8.002197265625,204.05966186523438,7.990798473358154
81.0,-11.25,6.670987129211426,279.56549072265625,8.002197265625,204.1381378173828,7.990798473358154
82.0,-11.25,6.670981407165527,279.48284912109375,8.002197265625,204.21807861328125,7.990798473358154
83.0,-11.25,6.670986175537109,279.401611328125,8.002197265625,204.2994384765625,7.990798473358154
84.0,-11.25,6.671002388000488,279.32177734375,8.002197265625,204.38221740722656,7.990798473358154
85.0,-11.25,6.670986175537109,279.2434387207031,8.002197265625,204.4663848876953,7.990798473358154
86.0,-11.25,6.670988082885742,279.16656494140625,8.002197265625,204.55189514160156,7.990798473358154
87.0,-11.25,6.670997619628906,279.0911865234375,8.002197265625,204.63873291015625,7.990798473358154
88.0,-11.25,6.671002388000488,279.017333984375,8.002197265625,204.7268829345703,7.990798473358154
89.0,-11.25,6.670992374420166,278.945068359375,8.002197265625,204.8162841796875,7.990798473358154
90.0,-11.25,6.670973777770996,278.8743591308594,8.002197265625,204.90696716308594,7.990798473358154
91.0,-11.25,6.671002388000488,278.8052062988281,8.002197265625,204.99884033203125,7.990798473358154
92.0,-11.25,6.670988082885742,278.7377014160156,8.002197265625,205.09193420410156,7.990798473358154
93.0,-11.25,6.67100715637207,278.67181396484375,8.002197265625,205.1861572265625,7.990798473358154
94.0,-11.25,6.670992851257324,278.60760498046875,8.002197265625,205.2815399169922,7.990798473358154
95.0,-11.25,6.670971870422363,278.5450744628906,8.002197265625,205.37803649902344,7.990798473358154
96.0,-11.25,6.671001434326172,278.48419189453125,8.002197265625,205.4755859375,7.990798473358154
97.0,-11.25,6.671004295349121,278.425048828125,8.002197265625,205.57418823242188,7.990798473358154
98.0,-11.25,6.670989036560059,278.3676452636719,8.002197265625,205.673828125,7.990798473358154
99.0,-11.25,6.670992851257324,278.3119812011719,8.002197265625,205.77442932128906,7.990798473358154
100.0,-11.25,6.670982360839844,278.2580871582031,8.002197265625,205.87600708007812,7.990798473358154
101.0,-11.25,6.670992851257324,278.2059631347656,8.002197265625,205.97848510742188,7.990798473358154
102.0,-11.25,6.670989513397217,278.1556396484375,8.002197265625,206.08187866210938,7.990798473358154
103.0,-11.25,6.671000957489014,278.10711669921875,8.002197265625,206.18612670898438,7.990798473358154
104.0,-11.25,6.6709771156311035,278.0604553222656,8.002197265625,206.2912139892578,7.990798473358154
105.0,-11.25,6.670991897583008,278.0155944824219,8.002197265625,206.3970947265625,7.990798473358154
106.0,-11.25,6.6710028648376465,277.97259521484375,8.002197265625,206.5037384033203,7.990798473358154
107.0,-11.25,6.67099142074585,277.9314880371094,8.002197265625,206.61111450195312,7.990798473358154
108.0,-11.25,6.67099142074585,277.8922424316406,8.002197265625,206.71920776367188,7.990798473358154
109.0,-11.25,6.671001434326172,277.8548889160156,8.002197265625,206.82794189453125,7.990798473358154
110.0,-11.25,6.670981407165527,277.8194580078125,8.002197265625,206.93734741210938,7.990798473358154
111.0,-11.25,6.670994758605957,277.7859191894531,8.002197265625,207.0473175048828,7.990798473358154
112.0,-11.25,6.671005725860596,277.7543029785156,8.002197265625,207.15786743164062,7.990798473358154
113.0,-11.25,6.670995235443115,277.7246398925781,8.002197265625,207.2689666748047,7.990798473358154
114.0,-11.25,6.6710076332092285,277.6968994140625,8.002197265625,207.38055419921875,7.990798473358154
115.0,-11.25,6.656303882598877,277.685302734375,8.00450611114502,207.49574279785156,7.990798473358154
116.0,-11.25,6.633045196533203,277.6840515136719,8.008155822753906,207.612548828125,7.990798473358154
117.0,-11.25,6.609886169433594,277.684814453125,8.011794090270996,207.7289581298828,7.990798473358154
118.0,-11.25,6.586820602416992,277.6875915527344,8.01541805267334,207.84490966796875,7.990798473358154
119.0,-11.25,6.563827991485596,277.6923828125,8.019026756286621,207.96038818359375,7.990798473358154
120.0,-11.25,6.554383754730225,277.68597412109375,8.020508766174316,208.0736541748047,7.990798473358154
121.0,-11.25,6.554377555847168,277.67230224609375,8.020508766174316,208.185791015625,7.990798473358154
122.0,-11.25,6.55440616607666,277.6605529785156,8.020508766174316,208.29815673828125,7.990798473358154
123.0,-11.25,6.554384231567383,277.65081787109375,8.020508766174316,208.4107208251953,7.990798473358154
124.0,-11.25,6.554405689239502,277.64300537109375,8.020508766174316,208.52342224121094,7.990798473358154
125.0,-11.25,6.554412841796875,277.6371765136719,8.020508766174316,208.63623046875,7.990798473358154
126.0,-11.25,6.5544047355651855,277.6333312988281,8.020508766174316,208.74916076660156,7.990798473358154
127.0,-11.25,6.554385185241699,277.6314697265625,8.020508766174316,208.86212158203125,7.990798473358154
128.0,-11.25,6.554383754730225,277.6315612792969,8.020508766174316,208.97508239746094,7.990798473358154
129.0,-11.25,6.554400444030762,277.63360595703125,8.020508766174316,209.08804321289062,7.990798473358154
130.0,-11.25,6.5544047355651855,277.63763427734375,8.020508766174316,209.20094299316406,7.990798473358154
131.0,-11.25,6.554396152496338,277.6436462402344,8.020508766174316,209.3137664794922,7.990798473358154
132.0,-11.25,6.55440092086792,277.651611328125,8.020508766174316,209.42645263671875,7.990798473358154
133.0,-11.25,6.554389953613281,277.66156005859375,8.020508766174316,209.53900146484375,7.990798473358154
134.0,-11.25,6.554383754730225,277.6734619140625,8.020508766174316,209.6513214111328,7.990798473358154
135.0,-11.25,6.554388523101807,277.68731689453125,8.020508766174316,209.76345825195312,7.990798473358154
136.0,-11.25,6.554392337799072,277.703125,8.020508766174316,209.8753204345703,7.990798473358154
137.0,-11.25,6.554393291473389,277.72088623046875,8.020508766174316,209.9868927001953,7.990798473358154
138.0,-11.25,6.554385185241699,277.7406005859375,8.020508766174316,210.09812927246094,7.990798473358154
139.0,-11.25,6.554393768310547,277.7622375488281,8.020508766174316,210.20901489257812,7.990798473358154
140.0,-11.25,6.554380893707275,277.78582763671875,8.020508766174316,210.3195037841797,7.990798473358154
141.0,-11.25,6.567239761352539,277.7989807128906,8.018489837646484,210.43252563476562,7.990798473358154
142.0,-11.25,6.571845054626465,277.8220520019531,8.017768859863281,210.54348754882812,7.990798473358154
143.0,-11.25,6.5767717361450195,277.8467712402344,8.016996383666992,210.65419006347656,7.990798473358154
144.0,-11.25,6.582015514373779,277.8731384277344,8.016172409057617,210.7646026611328,7.990798473358154
145.0,-11.25,6.587582111358643,277.9011535644531,8.015296936035156,210.87472534179688,7.990798473358154
146.0,-11.25,6.593470573425293,277.9308166503906,8.01436996459961,210.9845428466797,7.990798473358154
147.0,-11.25,6.599710464477539,277.96209716796875,8.013392448425293,211.0940399169922,7.990798473358154
148.0,-11.25,6.6073503494262695,277.9940185546875,8.012194633483887,211.2035369873047,7.990798473358154
149.0,-11.25,6.630114555358887,278.0140075683594,8.008614540100098,211.31808471679688,7.990798473358154
150.0,-11.25,6.652914047241211,278.0361022949219,8.005034446716309,211.43263244628906,7.990798473358154
151.0,-11.25,6.670982360839844,278.06463623046875,8.002197265625,211.5452880859375,7.990798473358154
152.0,-11.25,6.670990943908691,278.1114807128906,8.002197265625,211.65029907226562,7.990798473358154
153.0,-11.25,6.670992851257324,278.16015625,8.002197265625,211.7544708251953,7.990798473358154
154.0,-11.25,6.671008110046387,278.21063232421875,8.002197265625,211.8577880859375,7.990798473358154
155.0,-11.25,6.67098331451416,278.262939453125,8.002197265625,211.96018981933594,7.990798473358154
156.0,-11.25,6.670965194702148,278.3170166015625,8.002197265625,212.06166076660156,7.990798473358154
157.0,-11.25,6.670982360839844,278.3728332519531,8.002197265625,212.16220092773438,7.990798473358154
158.0,-11.25,6.670987606048584,278.4303894042969,8.002197265625,212.26171875,7.990798473358154
159.0,-11.25,6.670971393585205,278.4897155761719,8.002197265625,212.36024475097656,7.990798473358154
160.0,-11.25,6.670973300933838,278.55072021484375,8.002197265625,212.45770263671875,7.990798473358154
161.0,-11.25,6.670991897583008,278.6134033203125,8.002197265625,212.55409240722656,7.990798473358154
162.0,-11.25,6.670993804931641,278.6777648925781,8.002197265625,212.64935302734375,7.990798473358154
163.0,-11.25,6.670989990234375,278.7438049316406,8.002197265625,212.74349975585938,7.990798473358154
164.0,-11.25,6.670968055725098,278.8114929199219,8.002197265625,212.8364715576172,7.990798473358154
165.0,-11.25,6.670994281768799,278.8807373046875,8.002197265625,212.92825317382812,7.990798473358154
166.0,-11.25,6.670968055725098,278.9516296386719,8.002197265625,213.018798828125,7.990798473358154
167.0,-11.25,6.670984745025635,279.0240478515625,8.002197265625,213.1081085205078,7.990798473358154
168.0,-11.25,6.670992374420166,279.0980224609375,8.002197265625,213.19613647460938,7.990798473358154
169.0,-11.25,6.670983791351318,279.17352294921875,8.002197265625,213.2828369140625,7.990798473358154
170.0,-11.25,6.670980453491211,279.25054931640625,8.002197265625,213.3682403564453,7.990798473358154
171.0,-11.25,6.670997619628906,279.3290100097656,8.002197265625,213.4522705078125,7.990798473358154
172.0,-11.25,6.670981407165527,279.4089660644531,8.002197265625,213.534912109375,7.990798473358154
173.0,-11.25,6.670987129211426,279.4903259277344,8.002197265625,213.61614990234375,7.990798473358154
174.0,-11.25,6.671002388000488,279.5730895996094,8.002197265625,213.6959686279297,7.990798473358154
175.0,-11.25,6.670985221862793,279.6572570800781,8.002197265625,213.77430725097656,7.990798473358154
176.0,-11.25,6.670988082885742,279.7427673339844,8.002197265625,213.85118103027344,7.990798473358154
177.0,-11.25,6.670987606048584,279.8296203613281,8.002197265625,213.9265594482422,7.990798473358154
178.0,-11.25,6.670990943908691,279.9177551269531,8.002197265625,214.00039672851562,7.990798473358154
179.0,-11.25,6.67098331451416,280.0071716308594,8.002197265625,214.0726776123047,7.990798473358154
180.0,-11.25,6.670986175537109,280.09783935546875,8.002197265625,214.14340209960938,7.990798473358154
181.0,-11.25,6.670981407165527,280.1897277832031,8.002197265625,214.2125244140625,7.990798473358154
182.0,-11.25,6.670988082885742,280.2828063964844,8.002197265625,214.28004455566406,7.990798473358154
183.0,-11.25,6.670998573303223,280.3770446777344,8.002197265625,214.34593200683594,7.990798473358154
184.0,-11.25,6.670976638793945,280.4724426269531,8.002197265625,214.41014099121094,7.990798473358154
185.0,-11.25,6.670984745025635,280.56890869140625,8.002197265625,214.47268676757812,7.990798473358154
186.0,-11.25,6.670993328094482,280.6664733886719,8.002197265625,214.53355407714844,7.990798473358154
187.0,-11.25,6.67098331451416,280.76507568359375,8.002197265625,214.59268188476562,7.990798473358154
188.0,-11.25,6.670981407165527,280.8647155761719,8.002197265625,214.6501007080078,7.990798473358154
189.0,-11.25,6.670993328094482,280.9653015136719,8.002197265625,214.7057647705078,7.990798473358154
190.0,-11.25,6.670975685119629,281.06689453125,8.002197265625,214.75965881347656,7.990798473358154
191.0,-11.25,6.670986175537109,281.16937255859375,8.002197265625,214.81178283691406,7.990798473358154
192.0,-11.25,6.67098331451416,281.27276611328125,8.002197265625,214.8621063232422,7.990798473358154
193.0,-11.25,6.670980930328369,281.37701416015625,8.002197265625,214.91061401367188,7.990798473358154
194.0,-11.25,6.670990943908691,281.4820861816406,8.002197265625,214.95730590820312,7.990798473358154
195.0,-11.25,6.670987129211426,281.5879821777344,8.002197265625,215.0021514892578,7.990798473358154
196.0,-11.25,6.670989036560059,281.6946105957031,8.002197265625,215.04513549804688,7.990798473358154
197.0,-11.25,6.6710004806518555,281.802001953125,8.002197265625,215.08627319335938,7.990798473358154
198.0,-11.25,6.670986652374268,281.91009521484375,8.002197265625,215.12550354003906,7.990798473358154
199.0,-11.25,6.670997142791748,282.0188293457031,8.002197265625,215.16285705566406,7.990798473358154
200.0,-11.25,6.670991897583008,282.12823486328125,8.002197265625,215.19830322265625,7.990798473358154
201.0,-11.25,6.670994758605957,282.2381896972656,8.002197265625,215.23182678222656,7.990798473358154
202.0,-11.25,6.67100191116333,282.3487548828125,8.002197265625,215.26344299316406,7.990798473358154
203.0,-11.25,6.670987606048584,282.4598693847656,8.002197265625,215.29310607910156,7.990798473358154
204.0,-11.25,6.670989513397217,282.5714416503906,8.002197265625,215.32083129882812,7.990798473358154
205.0,-11.25,6.670984745025635,282.6835021972656,8.002197265625,215.3466033935547,7.990798473358154
206.0,-11.25,6.670988082885742,282.7959899902344,8.002197265625,215.37042236328125,7.990798473358154
207.0,-11.25,6.670989513397217,282.90887451171875,8.002197265625,215.39227294921875,7.990798473358154
208.0,-11.25,6.670995235443115,283.0221252441406,8.002197265625,215.4121551513672,7.990798473358154
209.0,-11.25,6.67099666595459,283.1357116699219,8.002197265625,215.4300537109375,7.990798473358154
210.0,-11.25,6.670986652374268,283.24957275390625,8.002197265625,215.44595336914062,7.990798473358154
211.0,-11.25,6.670991897583008,283.3637390136719,8.002197265625,215.4598846435547,7.990798473358154
212.0,-11.25,6.6709980964660645,283.47808837890625,8.002197265625,215.47181701660156,7.990798473358154
213.0,-11.25,6.670986175537109,283.5926513671875,8.002197265625,215.4817352294922,7.990798473358154
214.0,-11.25,6.670990943908691,283.7073669433594,8.002197265625,215.4896697998047,7.990798473358154
215.0,-11.25,6.670985221862793,283.82220458984375,8.002197265625,215.49559020996094,7.990798473358154
216.0,-11.25,6.670985698699951,283.9371032714844,8.002197265625,215.49951171875,7.990798473358154
217.0,-11.25,6.670993328094482,284.0520935058594,8.002197265625,215.50143432617188,7.990798473358154
218.0,-11.25,6.670978546142578,284.16705322265625,8.002197265625,215.50132751464844,7.990798473358154
219.0,-11.25,6.670986175537109,284.2820129394531,8.002197265625,215.49923706054688,7.990798473358154
220.0,-11.25,6.67100191116333,284.3969421386719,8.002197265625,215.49514770507812,7.990798473358154
221.0,-11.25,6.670991897583008,284.5117492675781,8.002197265625,215.48902893066406,7.990798473358154
222.0,-11.25,6.670988082885742,284.62646484375,8.002197265625,215.4809112548828,7.990798473358154
223.0,-11.25,6.670999050140381,284.7409973144531,8.002197265625,215.47080993652344,7.990798473358154
224.0,-11.25,6.670979976654053,284.8553466796875,8.002197265625,215.45867919921875,7.990798473358154
225.0,-11.25,6.670998573303223,284.9694519042969,8.002197265625,215.44459533691406,7.990798473358154
226.0,-11.25,6.670995712280273,285.08331298828125,8.002197265625,215.42849731445312,7.990798473358154
227.0,-11.25,6.671006679534912,285.1968688964844,8.002197265625,215.41043090820312,7.990798473358154
228.0,-11.25,6.670998573303223,285.3100891113281,8.002197265625,215.39036560058594,7.990798473358154
229.0,-11.25,6.670995712280273,285.4229431152344,8.002197265625,215.3683319091797,7.990798473358154
230.0,-11.25,6.67099142074585,285.535400390625,8.002197265625,215.34432983398438,7.990798473358154
231.0,-11.25,6.670987606048584,285.64739990234375,8.002197265625,215.31837463378906,7.990798473358154
232.0,-11.25,6.670998573303223,285.7589416503906,8.002197265625,215.2904815673828,7.990798473358154
233.0,-11.25,6.671003818511963,285.8699951171875,8.002197265625,215.26063537597656,7.990798473358154
234.0,-11.25,6.670987606048584,285.9804992675781,8.002197265625,215.2288360595703,7.990798473358154
235.0,-11.25,6.670992851257324,286.0904541015625,8.002197265625,215.19512939453125,7.990798473358154
236.0,-11.25,6.670993804931641,286.19976806640625,8.002197265625,215.15951538085938,7.990798473358154
237.0,-11.25,6.670999050140381,286.3084716796875,8.002197265625,215.1219940185547,7.990798473358154
238.0,-11.25,6.670993328094482,286.4164733886719,8.002197265625,215.08258056640625,7.990798473358154
239.0,-11.25,6.671001434326172,286.5238037109375,8.002197265625,215.04129028320312,7.990798473358154
240.0,-11.25,6.671004295349121,286.63037109375,8.002197265625,214.99813842773438,7.990798473358154
241.0,-11.25,6.671002388000488,286.7361755371094,8.002197265625,214.953125,7.990798473358154
242.0,-11.25,6.67098331451416,286.8411865234375,8.002197265625,214.90625,7.990798473358154
243.0,-11.25,6.670992851257324,286.9453430175781,8.002197265625,214.8575897216797,7.990798473358154
244.0,-11.25,6.671000957489014,287.0486755371094,8.002197265625,214.80709838867188,7.990798473358154
245.0,-11.25,6.67099666595459,287.15106201171875,8.002197265625,214.75482177734375,7.990798473358154
246.0,-11.25,6.670993328094482,287.2525634765625,8.002197265625,214.70074462890625,7.990798473358154
247.0,-11.25,6.671002388000488,287.35308837890625,8.002197265625,214.64492797851562,7.990798473358154
248.0,-11.25,6.670994758605957,287.4526062011719,8.002197265625,214.5873565673828,7.990798473358154
249.0,-11.25,6.671000003814697,287.5511474609375,8.002197265625,214.52804565429688,7.990798473358154
250.0,-11.25,6.670993804931641,287.6485900878906,8.002197265625,214.467041015625,7.990798473358154
251.0,-11.25,6.670991897583008,287.7449645996094,8.002197265625,214.4043426513672,7.990798473358154
252.0,-11.25,6.670990943908691,287.8402404785156,8.002197265625,214.3399658203125,7.990798473358154
253.0,-11.25,6.670998573303223,287.93438720703125,8.002197265625,214.27394104003906,7.990798473358154
254.0,-11.25,6.670980453491211,288.02734375,8.002197265625,214.20626831054688,7.990798473358154
255.0,-11.25,6.670991897583008,288.119140625,8.002197265625,214.13699340820312,7.990798473358154
256.0,-11.25,6.670989990234375,288.2096862792969,8.002197265625,214.06613159179688,7.990798473358154
257.0,-11.25,6.67099666595459,288.2989807128906,8.002197265625,213.99371337890625,7.990798473358154
258.0,-11.25,6.670982360839844,288.3869934082031,8.002197265625,213.9197235107422,7.990798473358154
259.0,-11.25,6.670993804931641,288.4737243652344,8.002197265625,213.84422302246094,7.990798473358154
260.0,-11.25,6.670990943908691,288.5591125488281,8.002197265625,213.7672119140625,7.990798473358154
261.0,-11.25,6.6710076332092285,288.6431579589844,8.002197265625,213.68873596191406,7.990798473358154
262.0,-11.25,6.670991897583008,288.7257995605469,8.002197265625,213.60877990722656,7.990798473358154
263.0,-11.25,6.670997619628906,288.8070373535156,8.002197265625,213.5274200439453,7.990798473358154
264.0,-11.25,6.671024322509766,288.8868713378906,8.002197265625,213.4446563720703,7.990798473358154
265.0,-11.25,6.671008110046387,288.9652099609375,8.002197265625,213.36048889160156,7.990798473358154
266.0,-11.25,6.670988082885742,289.04205322265625,8.002197265625,213.2749786376953,7.990798473358154
267.0,-11.25,6.670997142791748,289.117431640625,8.002197265625,213.18814086914062,7.990798473358154
268.0,-11.25,6.671001434326172,289.1912841796875,8.002197265625,213.09999084472656,7.990798473358154
269.0,-11.25,6.67098331451416,289.2635498046875,8.002197265625,213.0105743408203,7.990798473358154
270.0,-11.25,6.670997619628906,289.33428955078125,8.002197265625,212.91990661621094,7.990798473358154
271.0,-11.25,6.671002388000488,289.4034118652344,8.002197265625,212.82803344726562,7.990798473358154
272.0,-11.25,6.671011924743652,289.470947265625,8.002197265625,212.7349395751953,7.990798473358154
273.0,-11.25,6.670998573303223,289.53680419921875,8.002197265625,212.6407012939453,7.990798473358154
274.0,-11.25,6.670984268188477,289.60101318359375,8.002197265625,212.54531860351562,7.990798473358154
275.0,-11.25,6.670997142791748,289.66357421875,8.002197265625,212.44883728027344,7.990798473358154
276.0,-11.25,6.670992851257324,289.72442626953125,8.002197265625,212.3512725830078,7.990798473358154
277.0,-11.25,6.670996189117432,289.7835693359375,8.002197265625,212.25267028808594,7.990798473358154
278.0,-11.25,6.671014785766602,289.84100341796875,8.002197265625,212.15304565429688,7.990798473358154
279.0,-11.25,6.671019077301025,289.89666748046875,8.002197265625,212.0524444580078,7.990798473358154
280.0,-11.25,6.671009063720703,289.9505615234375,8.002197265625,211.95086669921875,7.990798473358154
281.0,-11.25,6.6710124015808105,290.002685546875,8.002197265625,211.84837341308594,7.990798473358154
282.0,-11.25,6.670989990234375,290.052978515625,8.002197265625,211.7449951171875,7.990798473358154
283.0,-11.25,6.6710004806518555,290.10150146484375,8.002197265625,211.6407470703125,7.990798473358154
284.0,-11.25,6.670999050140381,290.148193359375,8.002197265625,211.53564453125,7.990798473358154
285.0,-11.25,6.671020030975342,290.19305419921875,8.002197265625,211.42977905273438,7.990798473358154
286.0,-11.25,6.6710028648376465,290.23602294921875,8.002197265625,211.32313537597656,7.990798473358154
287.0,-11.25,6.671019554138184,290.27716064453125,8.002197265625,211.21575927734375,7.990798473358154
288.0,-11.25,6.67099142074585,290.3163757324219,8.002197265625,211.107666015625,7.990798473358154
289.0,-11.25,6.67099666595459,290.3537292480469,8.002197265625,210.99891662597656,7.990798473358154
290.0,-11.25,6.671010971069336,290.3891906738281,8.002197265625,210.8895263671875,7.990798473358154
291.0,-11.25,6.670994758605957,290.4226989746094,8.002197265625,210.77955627441406,7.990798473358154
292.0,-11.25,6.67100191116333,290.4543151855469,8.002197265625,210.6689910888672,7.990798473358154
293.0,-11.25,6.670990943908691,290.4839782714844,8.002197265625,210.55789184570312,7.990798473358154
294.0,-11.25,6.6710076332092285,290.51171875,8.002197265625,210.44631958007812,7.990798473358154
295.0,-11.25,6.670988082885742,290.5374755859375,8.002197265625,210.33425903320312,7.990798473358154
296.0,-11.25,6.6710028648376465,290.5613098144531,8.002197265625,210.2217559814453,7.990798473358154
297.0,-11.25,6.671003818511963,290.5831604003906,8.002197265625,210.10887145996094,7.990798473358154
298.0,-11.25,6.670995235443115,290.60302734375,8.002197265625,209.99562072753906,7.990798473358154
299.0,-11.25,6.671010971069336,290.6209411621094,8.002197265625,209.8820343017578,7.990798473358154
300.0,-11.25,6.670999526977539,290.6368408203125,8.002197265625,209.76815795898438,7.990798473358154
301.0,-11.25,6.670993804931641,290.6507568359375,8.002197265625,209.65402221679688,7.990798473358154
302.0,-11.25,6.6709980964660645,290.6626892089844,8.002197265625,209.53965759277344,7.990798473358154
303.0,-11.25,6.670985698699951,290.672607421875,8.002197265625,209.4250946044922,7.990798473358154
304.0,-11.25,6.671020984649658,290.6805725097656,8.002197265625,209.3103790283203,7.990798473358154
305.0,-11.25,6.670985221862793,290.68646240234375,8.002197265625,209.19554138183594,7.990798473358154
306.0,-11.25,6.671000957489014,290.6903991699219,8.002197265625,209.0806427001953,7.990798473358154
307.0,-11.25,6.671009063720703,290.69232177734375,8.002197265625,208.96566772460938,7.990798473358154
308.0,-11.25,6.671009063720703,290.6922302246094,8.002197265625,208.85069274902344,7.990798473358154
309.0,-11.25,6.671001434326172,290.69012451171875,8.002197265625,208.73573303222656,7.990798473358154
310.0,-11.25,6.671016693115234,290.68603515625,8.002197265625,208.6208038330078,7.990798473358154
311.0,-11.25,6.670992851257324,290.6799011230469,8.002197265625,208.5059814453125,7.990798473358154
312.0,-11.25,6.670986652374268,290.6717834472656,8.002197265625,208.39129638671875,7.990798473358154
313.0,-11.25,6.670999050140381,290.66168212890625,8.002197265625,208.27674865722656,7.990798473358154
314.0,-11.25,6.670994281768799,290.6495666503906,8.002197265625,208.1623992919922,7.990798473358154
315.0,-11.25,6.670997619628906,290.6354675292969,8.002197265625,208.0482940673828,7.990798473358154
316.0,-11.25,6.6710076332092285,290.619384765625,8.002197265625,207.9344482421875,7.990798473358154
317.0,-11.25,6.671021461486816,290.601318359375,8.002197265625,207.8208770751953,7.990798473358154
318.0,-11.25,6.670999050140381,290.58123779296875,8.002197265625,207.70765686035156,7.990798473358154
319.0,-11.25,6.670995235443115,290.5592041015625,8.002197265625,207.5948028564453,7.990798473358154
320.0,-11.25,6.671005725860596,290.53521728515625,8.002197265625,207.4823455810547,7.990798473358154
321.0,-11.25,6.670987606048584,290.5092468261719,8.002197265625,207.37034606933594,7.990798473358154
322.0,-11.25,6.671002388000488,290.4813537597656,8.002197265625,207.2587890625,7.990798473358154
323.0,-11.25,6.671003818511963,290.4515075683594,8.002197265625,207.1477508544922,7.990798473358154
324.0,-11.25,6.670987129211426,290.4197082519531,8.002197265625,207.03724670410156,7.990798473358154
325.0,-11.25,6.6710028648376465,290.3860168457031,8.002197265625,206.92730712890625,7.990798473358154
326.0,-11.25,6.671008110046387,290.35040283203125,8.002197265625,206.81797790527344,7.990798473358154
327.0,-11.25,6.670994281768799,290.3128662109375,8.002197265625,206.70928955078125,7.990798473358154
328.0,-11.25,6.67100715637207,290.2734680175781,8.002197265625,206.6012725830078,7.990798473358154
329.0,-11.25,6.671009540557861,290.232177734375,8.002197265625,206.49395751953125,7.990798473358154
330.0,-11.25,6.671012878417969,290.18902587890625,8.002197265625,206.38739013671875,7.990798473358154
331.0,-11.25,6.6710100173950195,290.1440124511719,8.002197265625,206.28158569335938,7.990798473358154
332.0,-11.25,6.670997619628906,290.0971374511719,8.002197265625,206.1765594482422,7.990798473358154
333.0,-11.25,6.670992374420166,290.0484619140625,8.002197265625,206.07240295410156,7.990798473358154
334.0,-11.25,6.6710076332092285,289.99798583984375,8.002197265625,205.96908569335938,7.990798473358154
335.0,-11.25,6.671009540557861,289.9457092285156,8.002197265625,205.86668395996094,7.990798473358154
336.0,-11.25,6.670999526977539,289.8916320800781,8.002197265625,205.76519775390625,7.990798473358154
337.0,-11.25,6.671008110046387,289.8358154296875,8.002197265625,205.6646728515625,7.990798473358154
338.0,-11.25,6.671020984649658,289.77825927734375,8.002197265625,205.5651397705078,7.990798473358154
339.0,-11.25,6.6710052490234375,289.71893310546875,8.002197265625,205.46661376953125,7.990798473358154
340.0,-11.25,6.671006679534912,289.6579284667969,8.002197265625,205.36915588378906,7.990798473358154
341.0,-11.25,6.670991897583008,289.59521484375,8.002197265625,205.2727813720703,7.990798473358154
342.0,-11.25,6.6710028648376465,289.5308532714844,8.002197265625,205.17750549316406,7.990798473358154
343.0,-11.25,6.670998573303223,289.4648132324219,8.002197265625,205.08335876464844,7.990798473358154
344.0,-11.25,6.670992851257324,289.39715576171875,8.002197265625,204.9904022216797,7.990798473358154
345.0,-11.25,6.670994758605957,289.327880859375,8.002197265625,204.89862060546875,7.990798473358154
346.0,-11.25,6.671001434326172,289.25701904296875,8.002197265625,204.8080596923828,7.990798473358154
347.0,-11.25,6.671008586883545,289.1846008300781,8.002197265625,204.71876525878906,7.990798473358154
348.0,-11.25,6.670992851257324,289.110595703125,8.002197265625,204.6307373046875,7.990798473358154
349.0,-11.25,6.671016693115234,289.0351257324219,8.002197265625,204.5440216064453,7.990798473358154
350.0,-11.25,6.670992374420166,288.9580993652344,8.002197265625,204.45864868164062,7.990798473358154
351.0,-11.25,6.670997619628906,288.8796081542969,8.002197265625,204.37460327148438,7.990798473358154
352.0,-11.25,6.671013355255127,288.7996826171875,8.002197265625,204.2919464111328,7.990798473358154
353.0,-11.25,6.670987129211426,288.7182922363281,8.002197265625,204.21072387695312,7.990798473358154
354.0,-11.25,6.671013832092285,288.6355285644531,8.002197265625,204.13088989257812,7.990798473358154
355.0,-11.25,6.67099666595459,288.5513610839844,8.002197265625,204.05255126953125,7.990798473358154
356.0,-11.25,6.670998573303223,288.4658508300781,8.002197265625,203.97567749023438,7.990798473358154
357.0,-11.25,6.67100715637207,288.3790283203125,8.002197265625,203.9003143310547,7.990798473358154
358.0,-11.25,6.671002388000488,288.2908630371094,8.002197265625,203.8264617919922,7.990798473358154
359.0,-11.25,6.671013832092285,288.20147705078125,8.002197265625,203.75418090820312,7.990798473358154
0.0,-16.875,4.493880271911621,286.8032531738281,8.002197265625,205.4764404296875,7.990798473358154
1.0,-16.875,4.493885040283203,286.74285888671875,8.002197265625,205.4298553466797,7.990798473358154
2.0,-16.875,4.493889808654785,286.6816711425781,8.002197265625,205.38433837890625,7.990798473358154
3.0,-16.875,4.493895530700684,286.61968994140625,8.002197265625,205.3398895263672,7.990798473358154
4.0,-16.875,4.493878364562988,286.5569152832031,8.002197265625,205.29653930664062,7.990798473358154
5.0,-16.875,4.493887901306152,286.4934387207031,8.002197265625,205.25428771972656,7.990798473358154
6.0,-16.875,4.493879318237305,286.42919921875,8.002197265625,205.21315002441406,7.990798473358154
7.0,-16.875,4.4938883781433105,286.3642883300781,8.002197265625,205.1731414794922,7.990798473358154
8.0,-16.875,4.493870735168457,286.29864501953125,8.002197265625,205.13427734375,7.990798473358154
9.0,-16.875,4.493885517120361,286.23236083984375,8.002197265625,205.09654235839844,7.990798473358154
10.0,-16.875,4.493865489959717,286.1654052734375,8.002197265625,205.05999755859375,7.990798473358154
11.0,-16.875,4.493879795074463,286.0978698730469,8.002197265625,205.0246124267578,7.990798473358154
12.0,-16.875,4.493887424468994,286.0296936035156,8.002197265625,204.9904022216797,7.990798473358154
13.0,-16.875,4.493888854980469,285.9609375,8.002197265625,204.9573974609375,7.990798473358154
14.0,-16.875,4.4938836097717285,285.8916015625,8.002197265625,204.92559814453125,7.990798473358154
15.0,-16.875,4.49388313293457,285.8217468261719,8.002197265625,204.89501953125,7.990798473358154
16.0,-16.875,4.493875980377197,285.7513427734375,8.002197265625,204.86566162109375,7.990798473358154
17.0,-16.875,4.493884563446045,285.6804504394531,8.002197265625,204.8375244140625,7.990798473358154
18.0,-16.875,4.493881702423096,285.60906982421875,8.002197265625,204.81063842773438,7.990798473358154
19.0,-16.875,4.493892669677734,285.5372314453125,8.002197265625,204.7849884033203,7.990798473358154
20.0,-16.875,4.4938836097717285,285.4649658203125,8.002197265625,204.7606201171875,7.990798473358154
21.0,-16.875,4.493884086608887,285.39227294921875,8.002197265625,204.7375030517578,7.990798473358154
22.0,-16.875,4.493882179260254,285.3192138671875,8.002197265625,204.71566772460938,7.990798473358154
23.0,-16.875,4.493884086608887,285.2457580566406,8.002197265625,204.69509887695312,7.990798473358154
24.0,-16.875,4.4938788414001465,285.1719665527344,8.002197265625,204.6758270263672,7.990798473358154
25.0,-16.875,4.493879318237305,285.09783935546875,8.002197265625,204.6578369140625,7.990798473358154
26.0,-16.875,4.4938788414001465,285.0234069824219,8.002197265625,204.64114379882812,7.990798473358154
27.0,-16.875,4.493875026702881,284.94873046875,8.002197265625,204.62576293945312,7.990798473358154
28.0,-16.875,4.493890285491943,284.873779296875,8.002197265625,204.61166381835938,7.990798473358154
29.0,-16.875,4.493873596191406,284.798583984375,8.002197265625,204.59890747070312,7.990798473358154
30.0,-16.875,4.49387264251709,284.7231750488281,8.002197265625,204.5874481201172,7.990798473358154
31.0,-16.875,4.49387788772583,284.6475830078125,8.002197265625,204.57730102539062,7.990798473358154
32.0,-16.875,4.493889331817627,284.5718078613281,8.002197265625,204.56846618652344,7.990798473358154
33.0,-16.875,4.493884563446045,284.49591064453125,8.002197265625,204.56097412109375,7.990798473358154
34.0,-16.875,4.49387788772583,284.4198913574219,8.002197265625,204.5548095703125,7.990798473358154
35.0,-16.875,4.493886470794678,284.3437805175781,8.002197265625,204.54995727539062,7.990798473358154
36.0,-16.875,4.493865966796875,284.267578125,8.002197265625,204.5464630126953,7.990798473358154
37.0,-16.875,4.493893623352051,284.19134521484375,8.002197265625,204.54425048828125,7.990798473358154
38.0,-16.875,4.493879795074463,284.1150817871094,8.002197265625,204.5434112548828,7.990798473358154
39.0,-16.875,4.493884563446045,284.038818359375,8.002197265625,204.54388427734375,7.990798473358154
40.0,-16.875,4.4938764572143555,283.96258544921875,8.002197265625,204.5457000732422,7.990798473358154
41.0,-16.875,4.493887901306152,283.8863525390625,8.002197265625,204.548828125,7.990798473358154
42.0,-16.875,4.4938859939575195,283.8102111816406,8.002197265625,204.5532989501953,7.990798473358154
43.0,-16.875,4.493884563446045,283.7341613769531,8.002197265625,204.55909729003906,7.990798473358154
44.0,-16.875,4.493866443634033,283.6582336425781,8.002197265625,204.5662384033203,7.990798473358154
45.0,-16.875,4.493875503540039,283.5824279785156,8.002197265625,204.57467651367188,7.990798473358154
46.0,-16.875,4.493875980377197,283.5068054199219,8.002197265625,204.58444213867188,7.990798473358154
47.0,-16.875,4.493886470794678,283.43133544921875,8.002197265625,204.59552001953125,7.990798473358154
48.0,-16.875,4.493869304656982,283.3560791015625,8.002197265625,204.60794067382812,7.990798473358154
49.0,-16.875,4.4938836097717285,283.2810363769531,8.002197265625,204.62164306640625,7.990798473358154
50.0,-16.875,4.4938740730285645,283.2062683105469,8.002197265625,204.6366729736328,7.990798473358154
51.0,-16.875,4.493869304656982,283.13177490234375,8.002197265625,204.6529998779297,7.990798473358154
52.0,-16.875,4.493885040283203,283.05755615234375,8.002197265625,204.6706085205078,7.990798473358154
53.0,-16.875,4.493877410888672,282.9836730957031,8.002197265625,204.6895294189453,7.990798473358154
54.0,-16.875,4.4938764572143555,282.9101257324219,8.002197265625,204.70973205566406,7.990798473358154
55.0,-16.875,4.493887424468994,282.8369445800781,8.002197265625,204.731201171875,7.990798473358154
56.0,-16.875,4.49388313293457,282.7641296386719,8.002197265625,204.75396728515625,7.990798473358154
57.0,-16.875,4.493878364562988,282.6917724609375,8.002197265625,204.77798461914062,7.990798473358154
58.0,-16.875,4.493877410888672,282.61981201171875,8.002197265625,204.8032684326172,7.990798473358154
59.0,-16.875,4.493875026702881,282.5483093261719,8.002197265625,204.82980346679688,7.990798473358154
60.0,-16.875,4.493872165679932,282.4772644042969,8.002197265625,204.8575897216797,7.990798473358154
61.0,-16.875,4.4938740730285645,282.40673828125,8.002197265625,204.8865966796875,7.990798473358154
62.0,-16.875,4.493878364562988,282.3367004394531,8.002197265625,204.91683959960938,7.990798473358154
63.0,-16.875,4.4938764572143555,282.2672119140625,8.002197265625,204.94830322265625,7.990798473358154
64.0,-16.875,4.493881702423096,282.19830322265625,8.002197265625,204.98095703125,7.990798473358154
65.0,-16.875,4.493866920471191,282.1299743652344,8.002197265625,205.01483154296875,7.990798473358154
66.0,-16.875,4.493885040283203,282.0622253417969,8.002197265625,205.04986572265625,7.990798473358154
67.0,-16.875,4.493885040283203,281.9950866699219,8.002197265625,205.0861053466797,7.990798473358154
68.0,-16.875,4.493862152099609,281.92864990234375,8.002197265625,205.12350463867188,7.990798473358154
69.0,-16.875,4.49387264251709,281.8628234863281,8.002197265625,205.16204833984375,7.990798473358154
70.0,-16.875,4.493872165679932,281.7976989746094,8.002197265625,205.2017364501953,7.990798473358154
71.0,-16.875,4.493860721588135,281.7332763671875,8.002197265625,205.24256896972656,7.990798473358154
72.0,-16.875,4.493875980377197,281.6695556640625,8.002197265625,205.2845001220703,7.990798473358154
73.0,-16.875,4.493873119354248,281.6065979003906,8.002197265625,205.32754516601562,7.990798473358154
74.0,-16.875,4.493864059448242,281.5444030761719,8.002197265625,205.37168884277344,7.990798473358154
75.0,-16.875,4.493873119354248,281.48297119140625,8.002197265625,205.41690063476562,7.990798473358154
76.0,-16.875,4.493882656097412,281.4223327636719,8.002197265625,205.4631805419922,7.990798473358154
77.0,-16.875,4.493868827819824,281.362548828125,8.002197265625,205.51051330566406,7.990798473358154
78.0,-16.875,4.493879318237305,281.3035583496094,8.002197265625,205.5588836669922,7.990798473358154
79.0,-16.875,4.493869304656982,281.2454528808594,8.002197265625,205.6082763671875,7.990798473358154
80.0,-16.875,4.493880271911621,281.1882019042969,8.002197265625,205.65866088867188,7.990798473358154
81.0,-16.875,4.49388313293457,281.1318359375,8.002197265625,205.71005249023438,7.990798473358154
82.0,-16.875,4.493878364562988,281.0763854980469,8.002197265625,205.76242065429688,7.990798473358154
83.0,-16.875,4.4938764572143555,281.0218505859375,8.002197265625,205.8157501220703,7.990798473358154
84.0,-16.875,4.493868827819824,280.96826171875,8.002197265625,205.87002563476562,7.990798473358154
85.0,-16.875,4.493854522705078,280.9156494140625,8.002197265625,205.9252166748047,7.990798473358154
86.0,-16.875,4.493885040283203,280.86395263671875,8.002197265625,205.98130798339844,7.990798473358154
87.0,-16.875,4.493865489959717,280.81329345703125,8.002197265625,206.03831481933594,7.990798473358154
88.0,-16.875,4.493868827819824,280.76361083984375,8.002197265625,206.09619140625,7.990798473358154
89.0,-16.875,4.493858337402344,280.7149658203125,8.002197265625,206.15492248535156,7.990798473358154
90.0,-16.875,4.493868350982666,280.6673278808594,8.002197265625,206.21449279785156,7.990798473358154
91.0,-16.875,4.493885040283203,280.6207275390625,8.002197265625,206.27488708496094,7.990798473358154
92.0,-16.875,4.493878364562988,280.5752258300781,8.002197265625,206.33607482910156,7.990798473358154
93.0,-16.875,4.493886947631836,280.53076171875,8.002197265625,206.3980712890625,7.990798473358154
94.0,-16.875,4.4938740730285645,280.4874267578125,8.002197265625,206.4608154296875,7.990798473358154
95.0,-16.875,4.493854999542236,280.4451904296875,8.002197265625,206.52432250976562,7.990798473358154
96.0,-16.875,4.493879318237305,280.4040222167969,8.002197265625,206.5885467529297,7.990798473358154
97.0,-16.875,4.4938554763793945,280.3640441894531,8.002197265625,206.65347290039062,7.990798473358154
98.0,-16.875,4.4938578605651855,280.3251647949219,8.002197265625,206.71910095214844,7.990798473358154
99.0,-16.875,4.493885040283203,280.28741455078125,8.002197265625,206.78538513183594,7.990798473358154
100.0,-16.875,4.493852138519287,280.2508850097656,8.002197265625,206.8523406982422,7.990798473358154
101.0,-16.875,4.493873119354248,280.2154846191406,8.002197265625,206.91989135742188,7.990798473358154
102.0,-16.875,4.493880748748779,280.1812744140625,8.002197265625,206.98806762695312,7.990798473358154
103.0,-16.875,4.493868350982666,280.1482849121094,8.002197265625,207.05682373046875,7.990798473358154
104.0,-16.875,4.493863582611084,280.1164855957031,8.002197265625,207.12615966796875,7.990798473358154
105.0,-16.875,4.493863582611084,280.0859069824219,8.002197265625,207.19601440429688,7.990798473358154
106.0,-16.875,4.493856430053711,280.0565490722656,8.002197265625,207.26641845703125,7.990798473358154
107.0,-16.875,4.493865489959717,280.0284118652344,8.002197265625,207.33731079101562,7.990798473358154
108.0,-16.875,4.493868350982666,280.00152587890625,8.002197265625,207.40867614746094,7.990798473358154
109.0,-16.875,4.4938645362854,279.97589111328125,8.002197265625,207.4805145263672,7.990798473358154
110.0,-16.875,4.493869781494141,279.9515075683594,8.002197265625,207.5527801513672,7.990798473358154
111.0,-16.875,4.4938836097717285,279.9283752441406,8.002197265625,207.62547302246094,7.990798473358154
112.0,-16.875,4.493867874145508,279.90655517578125,8.002197265625,207.6985321044922,7.990798473358154
113.0,-16.875,4.493870258331299,279.885986328125,8.002197265625,207.77198791503906,7.990798473358154
114.0,-16.875,4.493875026702881,279.86669921875,8.002197265625,207.84579467773438,7.990798473358154
115.0,-16.875,4.493865013122559,279.8487243652344,8.002197265625,207.91990661621094,7.990798473358154
116.0,-16.875,4.493866920471191,279.83203125,8.002197265625,207.99432373046875,7.990798473358154
117.0,-16.875,4.485444068908691,279.8246765136719,8.004159927368164,208.07061767578125,7.990798473358154
118.0,-16.875,4.475190162658691,279.8204345703125,8.006552696228027,208.14718627929688,7.990798473358154
119.0,-16.875,4.464930534362793,279.81756591796875,8.008942604064941,208.22364807128906,7.990798473358154
120.0,-16.875,4.454718112945557,279.8160095214844,8.011327743530273,208.2999725341797,7.990798473358154
121.0,-16.875,4.444490432739258,279.8158264160156,8.013708114624023,208.3761444091797,7.990798473358154
122.0,-16.875,4.434299468994141,279.81695556640625,8.016082763671875,208.45213317871094,7.990798473358154
123.0,-16.875,4.42417049407959,279.8193664550781,8.018451690673828,208.5279083251953,7.990798473358154
124.0,-16.875,4.415328025817871,279.8218688964844,8.020508766174316,208.60336303710938,7.990798473358154
125.0,-16.875,4.4153289794921875,279.8171081542969,8.020508766174316,208.6781463623047,7.990798473358154
126.0,-16.875,4.4153242111206055,279.81365966796875,8.020508766174316,208.75302124023438,7.990798473358154
127.0,-16.875,4.415314197540283,279.8115234375,8.020508766174316,208.8279266357422,7.990798473358154
128.0,-16.875,4.415329456329346,279.8106689453125,8.020508766174316,208.90284729003906,7.990798473358154
129.0,-16.875,4.415340900421143,279.8111267089844,8.020508766174316,208.977783203125,7.990798473358154
130.0,-16.875,4.415318489074707,279.81292724609375,8.020508766174316,209.05271911621094,7.990798473358154
131.0,-16.875,4.415319442749023,279.8160095214844,8.020508766174316,209.12757873535156,7.990798473358154
132.0,-16.875,4.418397426605225,279.8174133300781,8.019792556762695,209.2025909423828,7.990798473358154
133.0,-16.875,4.428531646728516,279.81329345703125,8.017430305480957,209.2781982421875,7.990798473358154
134.0,-16.875,4.43869161605835,279.81048583984375,8.015060424804688,209.3540496826172,7.990798473358154
135.0,-16.875,4.448912143707275,279.8089599609375,8.012682914733887,209.4300994873047,7.990798473358154
136.0,-16.875,4.457907676696777,279.8099670410156,8.010578155517578,209.5061798095703,7.990798473358154
137.0,-16.875,4.459223747253418,279.8197021484375,8.010272979736328,209.58123779296875,7.990798473358154
138.0,-16.875,4.460696697235107,279.8305969238281,8.009932518005371,209.65615844726562,7.990798473358154
139.0,-16.875,4.4622955322265625,279.8426818847656,8.00955581665039,209.7309112548828,7.990798473358154
140.0,-16.875,4.46408748626709,279.85589599609375,8.00914192199707,209.8055419921875,7.990798473358154
141.0,-16.875,4.465998649597168,279.87030029296875,8.008692741394043,209.8799591064453,7.990798473358154
142.0,-16.875,4.468090534210205,279.8858337402344,8.008206367492676,209.9541778564453,7.990798473358154
143.0,-16.875,4.470340728759766,279.90252685546875,8.007684707641602,210.02821350097656,7.990798473358154
144.0,-16.875,4.47273588180542,279.9203796386719,8.007126808166504,210.1020050048828,7.990798473358154
145.0,-16.875,4.475278377532959,279.93939208984375,8.006532669067383,210.17555236816406,7.990798473358154
146.0,-16.875,4.4801836013793945,279.95751953125,8.005386352539062,210.24952697753906,7.990798473358154
147.0,-16.875,4.490286350250244,279.97216796875,8.003031730651855,210.32485961914062,7.990798473358154
148.0,-16.875,4.493882179260254,279.994140625,8.002197265625,210.39794921875,7.990798473358154
149.0,-16.875,4.493866443634033,280.02069091796875,8.002197265625,210.46945190429688,7.990798473358154
150.0,-16.875,4.493850231170654,280.0484924316406,8.002197265625,210.54049682617188,7.990798473358154
151.0,-16.875,4.493866443634033,280.0774841308594,8.002197265625,210.61102294921875,7.990798473358154
152.0,-16.875,4.493865013122559,280.10772705078125,8.002197265625,210.68104553222656,7.990798473358154
153.0,-16.875,4.493863105773926,280.1391906738281,8.002197265625,210.7505340576172,7.990798473358154
154.0,-16.875,4.493867874145508,280.1718444824219,8.002197265625,210.81944274902344,7.990798473358154
155.0,-16.875,4.493859767913818,280.2057189941406,8.002197265625,210.88778686523438,7.990798473358154
156.0,-16.875,4.493871688842773,280.2407531738281,8.002197265625,210.9555206298828,7.990798473358154
157.0,-16.875,4.49387788772583,280.2769775390625,8.002197265625,211.02264404296875,7.990798473358154
158.0,-16.875,4.493856430053711,280.31439208984375,8.002197265625,211.089111328125,7.990798473358154
159.0,-16.875,4.49386739730835,280.3529357910156,8.002197265625,211.15493774414062,7.990798473358154
160.0,-16.875,4.493879795074463,280.3926086425781,8.002197265625,211.22006225585938,7.990798473358154
161.0,-16.875,4.493868827819824,280.4334411621094,8.002197265625,211.28448486328125,7.990798473358154
162.0,-16.875,4.493884086608887,280.4753723144531,8.002197265625,211.34820556640625,7.990798473358154
163.0,-16.875,4.493869781494141,280.5184326171875,8.002197265625,211.41116333007812,7.990798473358154
164.0,-16.875,4.49387264251709,280.56256103515625,8.002197265625,211.47335815429688,7.990798473358154
165.0,-16.875,4.493861198425293,280.6077880859375,8.002197265625,211.53477478027344,7.990798473358154
166.0,-16.875,4.493882656097412,280.654052734375,8.002197265625,211.5954132080078,7.990798473358154
167.0,-16.875,4.493877410888672,280.7013854980469,8.002197265625,211.65521240234375,7.990798473358154
168.0,-16.875,4.493869304656982,280.749755859375,8.002197265625,211.71417236328125,7.990798473358154
169.0,-16.875,4.4938578605651855,280.7991638183594,8.002197265625,211.7722930908203,7.990798473358154
170.0,-16.875,4.493869781494141,280.84954833984375,8.002197265625,211.8295440673828,7.990798473358154
171.0,-16.875,4.493872165679932,280.90093994140625,8.002197265625,211.8859100341797,7.990798473358154
172.0,-16.875,4.49386739730835,280.95330810546875,8.002197265625,211.9413604736328,7.990798473358154
173.0,-16.875,4.4938764572143555,281.0066223144531,8.002197265625,211.9958953857422,7.990798473358154
174.0,-16.875,4.493858814239502,281.0609130859375,8.002197265625,212.0494842529297,7.990798473358154
175.0,-16.875,4.493865013122559,281.1160888671875,8.002197265625,212.10211181640625,7.990798473358154
176.0,-16.875,4.493865013122559,281.1722106933594,8.002197265625,212.15379333496094,7.990798473358154
177.0,-16.875,4.493857383728027,281.2292175292969,8.002197265625,212.2044677734375,7.990798473358154
178.0,-16.875,4.493870258331299,281.2870788574219,8.002197265625,212.254150390625,7.990798473358154
179.0,-16.875,4.493870258331299,281.3457946777344,8.002197265625,212.30279541015625,7.990798473358154
180.0,-16.875,4.493861675262451,281.4053955078125,8.002197265625,212.35043334960938,7.990798473358154
181.0,-16.875,4.493866920471191,281.4657897949219,8.002197265625,212.3970184326172,7.990798473358154
182.0,-16.875,4.493860244750977,281.5269775390625,8.002197265625,212.44252014160156,7.990798473358154
183.0,-16.875,4.493866443634033,281.5889587402344,8.002197265625,212.48696899414062,7.990798473358154
184.0,-16.875,4.493865966796875,281.6517028808594,8.002197265625,212.5303192138672,7.990798473358154
185.0,-16.875,4.49385929107666,281.7152099609375,8.002197265625,212.57257080078125,7.990798473358154
186.0,-16.875,4.493879318237305,281.7794189453125,8.002197265625,212.6137237548828,7.990798473358154
187.0,-16.875,4.493860244750977,281.8443603515625,8.002197265625,212.65371704101562,7.990798473358154
188.0,-16.875,4.493870258331299,281.90997314453125,8.002197265625,212.69259643554688,7.990798473358154
189.0,-16.875,4.493885040283203,281.97625732421875,8.002197265625,212.73033142089844,7.990798473358154
190.0,-16.875,4.493865489959717,282.043212890625,8.002197265625,212.76687622070312,7.990798473358154
191.0,-16.875,4.493865966796875,282.11077880859375,8.002197265625,212.80226135253906,7.990798473358154
192.0,-16.875,4.4938740730285645,282.178955078125,8.002197265625,212.8364715576172,7.990798473358154
193.0,-16.875,4.493875980377197,282.2477111816406,8.002197265625,212.86947631835938,7.990798473358154
194.0,-16.875,4.493871212005615,282.3170471191406,8.002197265625,212.90127563476562,7.990798473358154
195.0,-16.875,4.493871688842773,282.38690185546875,8.002197265625,212.93185424804688,7.990798473358154
196.0,-16.875,4.4938645362854,282.4573059082031,8.002197265625,212.96121215820312,7.990798473358154
197.0,-16.875,4.493859767913818,282.5281982421875,8.002197265625,212.9893341064453,7.990798473358154
198.0,-16.875,4.493882179260254,282.59954833984375,8.002197265625,213.0162353515625,7.990798473358154
199.0,-16.875,4.493878364562988,282.67138671875,8.002197265625,213.0418701171875,7.990798473358154
200.0,-16.875,4.493860244750977,282.7436828613281,8.002197265625,213.0662384033203,7.990798473358154
201.0,-16.875,4.4938836097717285,282.81634521484375,8.002197265625,213.08937072753906,7.990798473358154
202.0,-16.875,4.49385929107666,282.8894348144531,8.002197265625,213.11119079589844,7.990798473358154
203.0,-16.875,4.493862152099609,282.962890625,8.002197265625,213.1317596435547,7.990798473358154
204.0,-16.875,4.493856906890869,283.03668212890625,8.002197265625,213.15103149414062,7.990798473358154
205.0,-16.875,4.493865013122559,283.11077880859375,8.002197265625,213.1690216064453,7.990798473358154
206.0,-16.875,4.4938788414001465,283.1852111816406,8.002197265625,213.18572998046875,7.990798473358154
207.0,-16.875,4.493869304656982,283.2599182128906,8.002197265625,213.20111083984375,7.990798473358154
208.0,-16.875,4.493870735168457,283.3348693847656,8.002197265625,213.21519470214844,7.990798473358154
209.0,-16.875,4.493868827819824,283.4100646972656,8.002197265625,213.22796630859375,7.990798473358154
210.0,-16.875,4.493867874145508,283.4854736328125,8.002197265625,213.2394256591797,7.990798473358154
211.0,-16.875,4.49385929107666,283.5610656738281,8.002197265625,213.2495574951172,7.990798473358154
212.0,-16.875,4.493871688842773,283.6368408203125,8.002197265625,213.25839233398438,7.990798473358154
213.0,-16.875,4.493869781494141,283.71270751953125,8.002197265625,213.26588439941406,7.990798473358154
214.0,-16.875,4.493875980377197,283.78875732421875,8.002197265625,213.27206420898438,7.990798473358154
215.0,-16.875,4.493871688842773,283.8648376464844,8.002197265625,213.2769012451172,7.990798473358154
216.0,-16.875,4.493866443634033,283.9410400390625,8.002197265625,213.28041076660156,7.990798473358154
217.0,-16.875,4.49387788772583,284.0173034667969,8.002197265625,213.28260803222656,7.990798473358154
218.0,-16.875,4.4938645362854,284.09356689453125,8.002197265625,213.283447265625,7.990798473358154
219.0,-16.875,4.493884563446045,284.1698303222656,8.002197265625,213.28298950195312,7.990798473358154
220.0,-16.875,4.493862628936768,284.2460632324219,8.002197265625,213.28115844726562,7.990798473358154
221.0,-16.875,4.493873119354248,284.322265625,8.002197265625,213.2780303955078,7.990798473358154
222.0,-16.875,4.493871212005615,284.3984069824219,8.002197265625,213.2735595703125,7.990798473358154
223.0,-16.875,4.493869781494141,284.4744567871094,8.002197265625,213.26776123046875,7.990798473358154
224.0,-16.875,4.493884086608887,284.5504150390625,8.002197265625,213.26065063476562,7.990798473358154
225.0,-16.875,4.493875026702881,284.6261901855469,8.002197265625,213.252197265625,7.990798473358154
226.0,-16.875,4.493880271911621,284.70184326171875,8.002197265625,213.242431640625,7.990798473358154
227.0,-16.875,4.4938764572143555,284.7773132324219,8.002197265625,213.23133850097656,7.990798473358154
228.0,-16.875,4.493874549865723,284.8525695800781,8.002197265625,213.21893310546875,7.990798473358154
229.0,-16.875,4.493868827819824,284.9275817871094,8.002197265625,213.20521545410156,7.990798473358154
230.0,-16.875,4.493880271911621,285.00238037109375,8.002197265625,213.19020080566406,7.990798473358154
231.0,-16.875,4.493875980377197,285.0768737792969,8.002197265625,213.1738739013672,7.990798473358154
232.0,-16.875,4.493885040283203,285.15106201171875,8.002197265625,213.15626525878906,7.990798473358154
233.0,-16.875,4.493885040283203,285.2249755859375,8.002197265625,213.13734436035156,7.990798473358154
234.0,-16.875,4.493884563446045,285.29852294921875,8.002197265625,213.1171417236328,7.990798473358154
235.0,-16.875,4.493881702423096,285.3717041015625,8.002197265625,213.0956573486328,7.990798473358154
236.0,-16.875,4.493868827819824,285.4444885253906,8.002197265625,213.07289123535156,7.990798473358154
237.0,-16.875,4.493873596191406,285.5168762207031,8.002197265625,213.0488739013672,7.990798473358154
238.0,-16.875,4.493873119354248,285.5888366699219,8.002197265625,213.02359008789062,7.990798473358154
239.0,-16.875,4.493871688842773,285.66033935546875,8.002197265625,212.99705505371094,7.990798473358154
240.0,-16.875,4.493869304656982,285.73138427734375,8.002197265625,212.96926879882812,7.990798473358154
241.0,-16.875,4.493885517120361,285.8019104003906,8.002197265625,212.94027709960938,7.990798473358154
242.0,-16.875,4.4938788414001465,285.8719177246094,8.002197265625,212.9100341796875,7.990798473358154
243.0,-16.875,4.493863105773926,285.94140625,8.002197265625,212.87855529785156,7.990798473358154
244.0,-16.875,4.493894577026367,286.0103454589844,8.002197265625,212.84591674804688,7.990798473358154
245.0,-16.875,4.493880271911621,286.07867431640625,8.002197265625,212.81204223632812,7.990798473358154
246.0,-16.875,4.4938859939575195,286.14642333984375,8.002197265625,212.77699279785156,7.990798473358154
247.0,-16.875,4.493885040283203,286.2135314941406,8.002197265625,212.7407684326172,7.990798473358154
248.0,-16.875,4.493864059448242,286.2799987792969,8.002197265625,212.70335388183594,7.990798473358154
249.0,-16.875,4.493887901306152,286.3458251953125,8.002197265625,212.66482543945312,7.990798473358154
250.0,-16.875,4.493875026702881,286.41094970703125,8.002197265625,212.6251220703125,7.990798473358154
251.0,-16.875,4.493876934051514,286.4753723144531,8.002197265625,212.5843048095703,7.990798473358154
252.0,-16.875,4.493892669677734,286.5390930175781,8.002197265625,212.54237365722656,7.990798473358154
253.0,-16.875,4.49387788772583,286.60205078125,8.002197265625,212.4993133544922,7.990798473358154
254.0,-16.875,4.4938812255859375,286.66424560546875,8.002197265625,212.45518493652344,7.990798473358154
255.0,-16.875,4.493861198425293,286.72564697265625,8.002197265625,212.4099578857422,7.990798473358154
256.0,-16.875,4.493870735168457,286.7862854003906,8.002197265625,212.36367797851562,7.990798473358154
257.0,-16.875,4.493875503540039,286.8460998535156,8.002197265625,212.31634521484375,7.990798473358154
258.0,-16.875,4.493878364562988,286.9050598144531,8.002197265625,212.2679901123047,7.990798473358154
259.0,-16.875,4.493869304656982,286.9631652832031,8.002197265625,212.21859741210938,7.990798473358154
260.0,-16.875,4.493889331817627,287.02044677734375,8.002197265625,212.16819763183594,7.990798473358154
261.0,-16.875,4.493882656097412,287.0767822265625,8.002197265625,212.1168212890625,7.990798473358154
262.0,-16.875,4.493866920471191,287.1322326660156,8.002197265625,212.06443786621094,7.990798473358154
263.0,-16.875,4.493897438049316,287.1867980957031,8.002197265625,212.01112365722656,7.990798473358154
264.0,-16.875,4.493890762329102,287.2403869628906,8.002197265625,211.95684814453125,7.990798473358154
265.0,-16.875,4.493865966796875,287.2929992675781,8.002197265625,211.90164184570312,7.990798473358154
266.0,-16.875,4.493875503540039,287.34466552734375,8.002197265625,211.84555053710938,7.990798473358154
267.0,-16.875,4.493878364562988,287.3953552246094,8.002197265625,211.78854370117188,7.990798473358154
268.0,-16.875,4.49389123916626,287.4450378417969,8.002197265625,211.73068237304688,7.990798473358154
269.0,-16.875,4.493872165679932,287.4936828613281,8.002197265625,211.67193603515625,7.990798473358154
270.0,-16.875,4.493891716003418,287.54132080078125,8.002197265625,211.6123809814453,7.990798473358154
271.0,-16.875,4.493875980377197,287.587890625,8.002197265625,211.55197143554688,7.990798473358154
272.0,-16.875,4.493868827819824,287.6333923339844,8.002197265625,211.49078369140625,7.990798473358154
273.0,-16.875,4.493878364562988,287.6778564453125,8.002197265625,211.4287872314453,7.990798473358154
274.0,-16.875,4.493865966796875,287.72119140625,8.002197265625,211.3660430908203,7.990798473358154
275.0,-16.875,4.493879795074463,287.7634582519531,8.002197265625,211.30255126953125,7.990798473358154
276.0,-16.875,4.493871688842773,287.8045959472656,8.002197265625,211.23831176757812,7.990798473358154
277.0,-16.875,4.49387264251709,287.8446044921875,8.002197265625,211.1733856201172,7.990798473358154
278.0,-16.875,4.4938836097717285,287.88348388671875,8.002197265625,211.10777282714844,7.990798473358154
279.0,-16.875,4.49387788772583,287.92120361328125,8.002197265625,211.04147338867188,7.990798473358154
280.0,-16.875,4.4938788414001465,287.957763671875,8.002197265625,210.9745330810547,7.990798473358154
281.0,-16.875,4.493873119354248,287.9931335449219,8.002197265625,210.906982421875,7.990798473358154
282.0,-16.875,4.493874549865723,288.02734375,8.002197265625,210.8387908935547,7.990798473358154
283.0,-16.875,4.493888854980469,288.06036376953125,8.002197265625,210.77003479003906,7.990798473358154
284.0,-16.875,4.493890762329102,288.0921630859375,8.002197265625,210.70071411132812,7.990798473358154
285.0,-16.875,4.49389123916626,288.12274169921875,8.002197265625,210.630859375,7.990798473358154
286.0,-16.875,4.493884086608887,288.152099609375,8.002197265625,210.56045532226562,7.990798473358154
287.0,-16.875,4.493860244750977,288.1802062988281,8.002197265625,210.4895477294922,7.990798473358154
288.0,-16.875,4.493890762329102,288.2071228027344,8.002197265625,210.41818237304688,7.990798473358154
289.0,-16.875,4.493892192840576,288.2327575683594,8.002197265625,210.3463592529297,7.990798473358154
290.0,-16.875,4.493893146514893,288.25714111328125,8.002197265625,210.27407836914062,7.990798473358154
291.0,-16.875,4.493884086608887,288.2802429199219,8.002197265625,210.20140075683594,7.990798473358154
292.0,-16.875,4.493891716003418,288.3020935058594,8.002197265625,210.12832641601562,7.990798473358154
293.0,-16.875,4.493865966796875,288.3226318359375,8.002197265625,210.05487060546875,7.990798473358154
294.0,-16.875,4.493875503540039,288.3419189453125,8.002197265625,209.9810791015625,7.990798473358154
295.0,-16.875,4.493890285491943,288.35992431640625,8.002197265625,209.90695190429688,7.990798473358154
296.0,-16.875,4.493893146514893,288.3766174316406,8.002197265625,209.83253479003906,7.990798473358154
297.0,-16.875,4.4938859939575195,288.3919982910156,8.002197265625,209.75784301757812,7.990798473358154
298.0,-16.875,4.493873596191406,288.40606689453125,8.002197265625,209.68289184570312,7.990798473358154
299.0,-16.875,4.493885517120361,288.4188537597656,8.002197265625,209.60769653320312,7.990798473358154
300.0,-16.875,4.493870258331299,288.4302978515625,8.002197265625,209.53228759765625,7.990798473358154
301.0,-16.875,4.493890762329102,288.4404602050781,8.002197265625,209.45669555664062,7.990798473358154
302.0,-16.875,4.493887424468994,288.44927978515625,8.002197265625,209.38092041015625,7.990798473358154
303.0,-16.875,4.493899822235107,288.456787109375,8.002197265625,209.30503845214844,7.990798473358154
304.0,-16.875,4.493891716003418,288.46295166015625,8.002197265625,209.22900390625,7.990798473358154
305.0,-16.875,4.493872165679932,288.4677734375,8.002197265625,209.1529083251953,7.990798473358154
306.0,-16.875,4.493866443634033,288.4712829589844,8.002197265625,209.0767059326172,7.990798473358154
307.0,-16.875,4.493878364562988,288.4734802246094,8.002197265625,209.00045776367188,7.990798473358154
308.0,-16.875,4.493879795074463,288.4743347167969,8.002197265625,208.9241943359375,7.990798473358154
309.0,-16.875,4.493899345397949,288.473876953125,8.002197265625,208.84793090820312,7.990798473358154
310.0,-16.875,4.493876934051514,288.4720458984375,8.002197265625,208.7716827392578,7.990798473358154
311.0,-16.875,4.493873596191406,288.4689025878906,8.002197265625,208.6954803466797,7.990798473358154
312.0,-16.875,4.493886470794678,288.4644470214844,8.002197265625,208.6193389892578,7.990798473358154
313.0,-16.875,4.493884563446045,288.4586486816406,8.002197265625,208.5432891845703,7.990798473358154
314.0,-16.875,4.493867874145508,288.4515075683594,8.002197265625,208.46734619140625,7.990798473358154
315.0,-16.875,4.493892192840576,288.4430847167969,8.002197265625,208.39154052734375,7.990798473358154
316.0,-16.875,4.493895053863525,288.4333190917969,8.002197265625,208.31590270996094,7.990798473358154
317.0,-16.875,4.493903636932373,288.4222412109375,8.002197265625,208.24044799804688,7.990798473358154
318.0,-16.875,4.493886470794678,288.4098205566406,8.002197265625,208.16519165039062,7.990798473358154
319.0,-16.875,4.493871688842773,288.3960876464844,8.002197265625,208.09014892578125,7.990798473358154
320.0,-16.875,4.493874549865723,288.3810729980469,8.002197265625,208.01539611816406,7.990798473358154
321.0,-16.875,4.493873119354248,288.36474609375,8.002197265625,207.94088745117188,7.990798473358154
322.0,-16.875,4.4938883781433105,288.3471374511719,8.002197265625,207.86666870117188,7.990798473358154
323.0,-16.875,4.4938812255859375,288.3282165527344,8.002197265625,207.79278564453125,7.990798473358154
324.0,-16.875,4.493880271911621,288.3080139160156,8.002197265625,207.71923828125,7.990798473358154
325.0,-16.875,4.49387788772583,288.2865295410156,8.002197265625,207.64605712890625,7.990798473358154
326.0,-16.875,4.493897438049316,288.2637939453125,8.002197265625,207.57325744628906,7.990798473358154
327.0,-16.875,4.493902206420898,288.2397766113281,8.002197265625,207.50086975097656,7.990798473358154
328.0,-16.875,4.493882656097412,288.2144775390625,8.002197265625,207.42892456054688,7.990798473358154
329.0,-16.875,4.493899822235107,288.1879577636719,8.002197265625,207.35740661621094,7.990798473358154
330.0,-16.875,4.493877410888672,288.16015625,8.002197265625,207.286376953125,7.990798473358154
331.0,-16.875,4.493893623352051,288.13116455078125,8.002197265625,207.21585083007812,7.990798473358154
332.0,-16.875,4.493892192840576,288.1009216308594,8.002197265625,207.1458282470703,7.990798473358154
333.0,-16.875,4.493889808654785,288.0694580078125,8.002197265625,207.0763397216797,7.990798473358154
334.0,-16.875,4.493901252746582,288.03680419921875,8.002197265625,207.00741577148438,7.990798473358154
335.0,-16.875,4.493893146514893,288.0029296875,8.002197265625,206.93907165527344,7.990798473358154
336.0,-16.875,4.4938788414001465,287.9678649902344,8.002197265625,206.871337890625,7.990798473358154
337.0,-16.875,4.493885040283203,287.931640625,8.002197265625,206.80421447753906,7.990798473358154
338.0,-16.875,4.493889331817627,287.8942565917969,8.002197265625,206.7377471923828,7.990798473358154
339.0,-16.875,4.493892669677734,287.855712890625,8.002197265625,206.67193603515625,7.990798473358154
340.0,-16.875,4.493879795074463,287.8160095214844,8.002197265625,206.6068115234375,7.990798473358154
341.0,-16.875,4.493876934051514,287.7751770019531,8.002197265625,206.54237365722656,7.990798473358154
342.0,-16.875,4.493884563446045,287.7332458496094,8.002197265625,206.47866821289062,7.990798473358154
343.0,-16.875,4.493869304656982,287.690185546875,8.002197265625,206.41571044921875,7.990798473358154
344.0,-16.875,4.49387264251709,287.64605712890625,8.002197265625,206.353515625,7.990798473358154
345.0,-16.875,4.493861198425293,287.600830078125,8.002197265625,206.29209899902344,7.990798473358154
346.0,-16.875,4.493882656097412,287.5545654296875,8.002197265625,206.23146057128906,7.990798473358154
347.0,-16.875,4.493877410888672,287.5072326660156,8.002197265625,206.17166137695312,7.990798473358154
348.0,-16.875,4.4938788414001465,287.4588623046875,8.002197265625,206.11268615722656,7.990798473358154
349.0,-16.875,4.493880271911621,287.40948486328125,8.002197265625,206.05458068847656,7.990798473358154
350.0,-16.875,4.49390172958374,287.3591003417969,8.002197265625,205.997314453125,7.990798473358154
351.0,-16.875,4.493903636932373,287.3077087402344,8.002197265625,205.94094848632812,7.990798473358154
352.0,-16.875,4.493877410888672,287.25531005859375,8.002197265625,205.885498046875,7.990798473358154
353.0,-16.875,4.493886947631836,287.2019958496094,8.002197265625,205.83096313476562,7.990798473358154
354.0,-16.875,4.493890285491943,287.1477355957031,8.002197265625,205.77737426757812,7.990798473358154
355.0,-16.875,4.493875980377197,287.092529296875,8.002197265625,205.72474670410156,7.990798473358154
356.0,-16.875,4.493885517120361,287.03643798828125,8.002197265625,205.67308044433594,7.990798473358154
357.0,-16.875,4.4938764572143555,286.97943115234375,8.002197265625,205.62240600585938,7.990798473358154
358.0,-16.875,4.493888854980469,286.92156982421875,8.002197265625,205.57272338867188,7.990798473358154
359.0,-16.875,4.493881702423096,286.8628234863281,8.002197265625,205.52406311035156,7.990798473358154
0.0,-22.5,3.412923812866211,286.154052734375,8.002197265625,206.39373779296875,7.990798473358154
1.0,-22.5,3.412935256958008,286.1097717285156,8.002197265625,206.35833740234375,7.990798473358154
2.0,-22.5,3.4129250049591064,286.06488037109375,8.002197265625,206.32374572753906,7.990798473358154
3.0,-22.5,3.412926197052002,286.0193786621094,8.002197265625,206.2899169921875,7.990798473358154
4.0,-22.5,3.412933826446533,285.9732971191406,8.002197265625,206.2568817138672,7.990798473358154
5.0,-22.5,3.4129128456115723,285.9266357421875,8.002197265625,206.2246856689453,7.990798473358154
6.0,-22.5,3.4129152297973633,285.8794250488281,8.002197265625,206.1932830810547,7.990798473358154
7.0,-22.5,3.4129202365875244,285.8316955566406,8.002197265625,206.1627197265625,7.990798473358154
8.0,-22.5,3.4129397869110107,285.783447265625,8.002197265625,206.1329803466797,7.990798473358154
9.0,-22.5,3.4129223823547363,285.7346496582031,8.002197265625,206.10411071777344,7.990798473358154
10.0,-22.5,3.4129228591918945,285.68536376953125,8.002197265625,206.07608032226562,7.990798473358154
11.0,-22.5,3.4129295349121094,285.6356201171875,8.002197265625,206.04891967773438,7.990798473358154
12.0,-22.5,3.4129159450531006,285.58538818359375,8.002197265625,206.02264404296875,7.990798473358154
13.0,-22.5,3.412921667098999,285.5346984863281,8.002197265625,205.99722290039062,7.990798473358154
14.0,-22.5,3.4129202365875244,285.4836120605469,8.002197265625,205.97271728515625,7.990798473358154
15.0,-22.5,3.412925958633423,285.43206787109375,8.002197265625,205.94908142089844,7.990798473358154
16.0,-22.5,3.412923812866211,285.380126953125,8.002197265625,205.92636108398438,7.990798473358154
17.0,-22.5,3.4129137992858887,285.3277893066406,8.002197265625,205.90455627441406,7.990798473358154
18.0,-22.5,3.4129180908203125,285.2751159667969,8.002197265625,205.8836669921875,7.990798473358154
19.0,-22.5,3.412914752960205,285.2220458984375,8.002197265625,205.8636932373047,7.990798473358154
20.0,-22.5,3.412912130355835,285.16864013671875,8.002197265625,205.8446502685547,7.990798473358154
21.0,-22.5,3.4129185676574707,285.11492919921875,8.002197265625,205.8265380859375,7.990798473358154
22.0,-22.5,3.4129204750061035,285.0609130859375,8.002197265625,205.8093719482422,7.990798473358154
23.0,-22.5,3.4129176139831543,285.006591796875,8.002197265625,205.79315185546875,7.990798473358154
24.0,-22.5,3.412919521331787,284.9519958496094,8.002197265625,205.7778778076172,7.990798473358154
25.0,-22.5,3.412932872772217,284.89715576171875,8.002197265625,205.7635498046875,7.990798473358154
26.0,-22.5,3.4129228591918945,284.842041015625,8.002197265625,205.7501983642578,7.990798473358154
27.0,-22.5,3.4129178524017334,284.7867126464844,8.002197265625,205.73780822753906,7.990798473358154
28.0,-22.5,3.4129230976104736,284.731201171875,8.002197265625,205.72637939453125,7.990798473358154
29.0,-22.5,3.412933111190796,284.67547607421875,8.002197265625,205.71591186523438,7.990798473358154
30.0,-22.5,3.4129302501678467,284.6195983886719,8.002197265625,205.70643615722656,7.990798473358154
31.0,-22.5,3.4129090309143066,284.56353759765625,8.002197265625,205.6979522705078,7.990798473358154
32.0,-22.5,3.412921905517578,284.5073547363281,8.002197265625,205.69041442871094,7.990798473358154
33.0,-22.5,3.4129252433776855,284.4510498046875,8.002197265625,205.68386840820312,7.990798473358154
34.0,-22.5,3.412919044494629,284.3946228027344,8.002197265625,205.67831420898438,7.990798473358154
35.0,-22.5,3.412921667098999,284.3381042480469,8.002197265625,205.67373657226562,7.990798473358154
36.0,-22.5,3.412907600402832,284.28155517578125,8.002197265625,205.670166015625,7.990798473358154
37.0,-22.5,3.412916660308838,284.22491455078125,8.002197265625,205.6675567626953,7.990798473358154
38.0,-22.5,3.4129230976104736,284.1682434082031,8.002197265625,205.6659393310547,7.990798473358154
39.0,-22.5,3.4129273891448975,284.111572265625,8.002197265625,205.66531372070312,7.990798473358154
40.0,-22.5,3.412914514541626,284.05487060546875,8.002197265625,205.6656951904297,7.990798473358154
41.0,-22.5,3.4129137992858887,283.9981994628906,8.002197265625,205.66705322265625,7.990798473358154
42.0,-22.5,3.4129250049591064,283.9415588378906,8.002197265625,205.6693878173828,7.990798473358154
43.0,-22.5,3.4129176139831543,283.8849792480469,8.002197265625,205.6727294921875,7.990798473358154
44.0,-22.5,3.4129226207733154,283.82843017578125,8.002197265625,205.6770477294922,7.990798473358154
45.0,-22.5,3.41291880607605,283.7720031738281,8.002197265625,205.68235778808594,7.990798473358154
46.0,-22.5,3.4129230976104736,283.7156677246094,8.002197265625,205.6886444091797,7.990798473358154
47.0,-22.5,3.4129178524017334,283.6594543457031,8.002197265625,205.6959228515625,7.990798473358154
48.0,-22.5,3.4129176139831543,283.6033630371094,8.002197265625,205.7041778564453,7.990798473358154
49.0,-22.5,3.4129185676574707,283.54742431640625,8.002197265625,205.71340942382812,7.990798473358154
50.0,-22.5,3.4129295349121094,283.4916687011719,8.002197265625,205.72360229492188,7.990798473358154
51.0,-22.5,3.4129080772399902,283.43609619140625,8.002197265625,205.73480224609375,7.990798473358154
52.0,-22.5,3.4129114151000977,283.3807067871094,8.002197265625,205.7469482421875,7.990798473358154
53.0,-22.5,3.4129133224487305,283.3255615234375,8.002197265625,205.7600555419922,7.990798473358154
54.0,-22.5,3.412912130355835,283.2706604003906,8.002197265625,205.7741241455078,7.990798473358154
55.0,-22.5,3.412930727005005,283.2159729003906,8.002197265625,205.7891387939453,7.990798473358154
56.0,-22.5,3.4129176139831543,283.1615905761719,8.002197265625,205.8051300048828,7.990798473358154
57.0,-22.5,3.4129085540771484,283.10748291015625,8.002197265625,205.8220672607422,7.990798473358154
58.0,-22.5,3.4129228591918945,283.0536804199219,8.002197265625,205.8399200439453,7.990798473358154
59.0,-22.5,3.4129233360290527,283.0002136230469,8.002197265625,205.8587188720703,7.990798473358154
60.0,-22.5,3.412909507751465,282.94708251953125,8.002197265625,205.8784637451172,7.990798473358154
61.0,-22.5,3.412933826446533,282.8942565917969,8.002197265625,205.89910888671875,7.990798473358154
62.0,-22.5,3.4129128456115723,282.84185791015625,8.002197265625,205.9207000732422,7.990798473358154
63.0,-22.5,3.412919521331787,282.789794921875,8.002197265625,205.9431915283203,7.990798473358154
64.0,-22.5,3.4129085540771484,282.7381896972656,8.002197265625,205.96658325195312,7.990798473358154
65.0,-22.5,3.412914752960205,282.68695068359375,8.002197265625,205.99087524414062,7.990798473358154
66.0,-22.5,3.412914991378784,282.63616943359375,8.002197265625,206.01605224609375,7.990798473358154
67.0,-22.5,3.41292142868042,282.5858154296875,8.002197265625,206.0421142578125,7.990798473358154
68.0,-22.5,3.4129080772399902,282.53594970703125,8.002197265625,206.06906127929688,7.990798473358154
69.0,-22.5,3.4129130840301514,282.4865417480469,8.002197265625,206.09686279296875,7.990798473358154
70.0,-22.5,3.4129114151000977,282.4376220703125,8.002197265625,206.1255340576172,7.990798473358154
71.0,-22.5,3.4129245281219482,282.38922119140625,8.002197265625,206.155029296875,7.990798473358154
72.0,-22.5,3.4129161834716797,282.3413391113281,8.002197265625,206.18539428710938,7.990798473358154
73.0,-22.5,3.4129066467285156,282.29400634765625,8.002197265625,206.21658325195312,7.990798473358154
74.0,-22.5,3.4129080772399902,282.2472229003906,8.002197265625,206.2485809326172,7.990798473358154
75.0,-22.5,3.4129090309143066,282.20098876953125,8.002197265625,206.28140258789062,7.990798473358154
76.0,-22.5,3.412916660308838,282.15533447265625,8.002197265625,206.3150177001953,7.990798473358154
77.0,-22.5,3.4129133224487305,282.11029052734375,8.002197265625,206.34942626953125,7.990798473358154
78.0,-22.5,3.4129281044006348,282.0658264160156,8.002197265625,206.38461303710938,7.990798473358154
79.0,-22.5,3.4129068851470947,282.02203369140625,8.002197265625,206.4205780029297,7.990798473358154
80.0,-22.5,3.4129161834716797,281.97882080078125,8.002197265625,206.45730590820312,7.990798473358154
81.0,-22.5,3.4129221439361572,281.936279296875,8.002197265625,206.49476623535156,7.990798473358154
82.0,-22.5,3.4129130840301514,281.8944091796875,8.002197265625,206.53297424316406,7.990798473358154
83.0,-22.5,3.412930488586426,281.8531799316406,8.002197265625,206.5718994140625,7.990798473358154
84.0,-22.5,3.412914752960205,281.81268310546875,8.002197265625,206.61154174804688,7.990798473358154
85.0,-22.5,3.4129157066345215,281.7728576660156,8.002197265625,206.65188598632812,7.990798473358154
86.0,-22.5,3.412923812866211,281.7337341308594,8.002197265625,206.6929168701172,7.990798473358154
87.0,-22.5,3.4129185676574707,281.6953430175781,8.002197265625,206.73463439941406,7.990798473358154
88.0,-22.5,3.412909507751465,281.6576843261719,8.002197265625,206.7770233154297,7.990798473358154
89.0,-22.5,3.4129254817962646,281.6207580566406,8.002197265625,206.82003784179688,7.990798473358154
90.0,-22.5,3.412903308868408,281.5846252441406,8.002197265625,206.86370849609375,7.990798473358154
91.0,-22.5,3.412924289703369,281.5492248535156,8.002197265625,206.90797424316406,7.990798473358154
92.0,-22.5,3.4129161834716797,281.5146179199219,8.002197265625,206.952880859375,7.990798473358154
93.0,-22.5,3.412914276123047,281.4808044433594,8.002197265625,206.9983673095703,7.990798473358154
94.0,-22.5,3.412933826446533,281.44775390625,8.002197265625,207.04444885253906,7.990798473358154
95.0,-22.5,3.4129128456115723,281.4155578613281,8.002197265625,207.0911102294922,7.990798473358154
96.0,-22.5,3.4129228591918945,281.3841552734375,8.002197265625,207.1383056640625,7.990798473358154
97.0,-22.5,3.412907838821411,281.3536071777344,8.002197265625,207.18605041503906,7.990798473358154
98.0,-22.5,3.412907600402832,281.3238830566406,8.002197265625,207.23431396484375,7.990798473358154
99.0,-22.5,3.4129223823547363,281.29498291015625,8.002197265625,207.28309631347656,7.990798473358154
100.0,-22.5,3.412910223007202,281.2669677734375,8.002197265625,207.33238220214844,7.990798473358154
101.0,-22.5,3.412909746170044,281.23980712890625,8.002197265625,207.38214111328125,7.990798473358154
102.0,-22.5,3.412896156311035,281.2135314941406,8.002197265625,207.432373046875,7.990798473358154
103.0,-22.5,3.4129085540771484,281.1881103515625,8.002197265625,207.48304748535156,7.990798473358154
104.0,-22.5,3.412900686264038,281.1636047363281,8.002197265625,207.53414916992188,7.990798473358154
105.0,-22.5,3.4129199981689453,281.13995361328125,8.002197265625,207.585693359375,7.990798473358154
106.0,-22.5,3.412904739379883,281.11724853515625,8.002197265625,207.63763427734375,7.990798473358154
107.0,-22.5,3.4129137992858887,281.0954284667969,8.002197265625,207.68995666503906,7.990798473358154
108.0,-22.5,3.4128994941711426,281.0745544433594,8.002197265625,207.74264526367188,7.990798473358154
109.0,-22.5,3.412914752960205,281.0545654296875,8.002197265625,207.7957000732422,7.990798473358154
110.0,-22.5,3.412916898727417,281.0355224609375,8.002197265625,207.84909057617188,7.990798473358154
111.0,-22.5,3.412904739379883,281.0174255371094,8.002197265625,207.90281677246094,7.990798473358154
112.0,-22.5,3.4129159450531006,281.000244140625,8.002197265625,207.95684814453125,7.990798473358154
113.0,-22.5,3.412899971008301,280.9840393066406,8.002197265625,208.01116943359375,7.990798473358154
114.0,-22.5,3.4129157066345215,280.96875,8.002197265625,208.06576538085938,7.990798473358154
115.0,-22.5,3.412914991378784,280.9544372558594,8.002197265625,208.12060546875,7.990798473358154
116.0,-22.5,3.4129228591918945,280.9410705566406,8.002197265625,208.1757049560547,7.990798473358154
117.0,-22.5,3.4129176139831543,280.9286804199219,8.002197265625,208.2310333251953,7.990798473358154
118.0,-22.5,3.4104909896850586,280.9195251464844,8.002939224243164,208.2869873046875,7.990798473358154
119.0,-22.5,3.4042551517486572,280.9149169921875,8.004855155944824,208.34371948242188,7.990798473358154
120.0,-22.5,3.398118019104004,280.9112243652344,8.006741523742676,208.40040588378906,7.990798473358154
121.0,-22.5,3.392049789428711,280.9084777832031,8.008597373962402,208.45701599121094,7.990798473358154
122.0,-22.5,3.386101722717285,280.9066162109375,8.010422706604004,208.51356506347656,7.990798473358154
123.0,-22.5,3.3802719116210938,280.9056396484375,8.01221752166748,208.5700225830078,7.990798473358154
124.0,-22.5,3.377554416656494,280.9027099609375,8.01305103302002,208.62612915039062,7.990798473358154
125.0,-22.5,3.377126455307007,280.8985900878906,8.013179779052734,208.6820831298828,7.990798473358154
126.0,-22.5,3.376795530319214,280.8953552246094,8.013280868530273,208.7380828857422,7.990798473358154
127.0,-22.5,3.3765618801116943,280.89300537109375,8.013354301452637,208.7941131591797,7.990798473358154
128.0,-22.5,3.3793752193450928,280.88873291015625,8.012496948242188,208.85012817382812,7.990798473358154
129.0,-22.5,3.3850793838500977,280.8826904296875,8.0107421875,208.90625,7.990798473358154
130.0,-22.5,3.390817880630493,280.8775939941406,8.00898265838623,208.96255493164062,7.990798473358154
131.0,-22.5,3.396566867828369,280.87347412109375,8.007217407226562,209.01904296875,7.990798473358154
132.0,-22.5,3.4023308753967285,280.8703308105469,8.005447387695312,209.07568359375,7.990798473358154
133.0,-22.5,3.408113956451416,280.8681640625,8.00367259979248,209.13247680664062,7.990798473358154
134.0,-22.5,3.412921190261841,280.867919921875,8.002197265625,209.18930053710938,7.990798473358154
135.0,-22.5,3.41291880607605,280.87322998046875,8.002197265625,209.24574279785156,7.990798473358154
136.0,-22.5,3.4128942489624023,280.8795471191406,8.002197265625,209.3020782470703,7.990798473358154
137.0,-22.5,3.41290545463562,280.8868103027344,8.002197265625,209.35830688476562,7.990798473358154
138.0,-22.5,3.4129199981689453,280.8950500488281,8.002197265625,209.41439819335938,7.990798473358154
139.0,-22.5,3.4129064083099365,280.904296875,8.002197265625,209.4703369140625,7.990798473358154
140.0,-22.5,3.4129180908203125,280.91448974609375,8.002197265625,209.52609252929688,7.990798473358154
141.0,-22.5,3.4128968715667725,280.9256896972656,8.002197265625,209.5816650390625,7.990798473358154
142.0,-22.5,3.4128973484039307,280.9378356933594,8.002197265625,209.6370391845703,7.990798473358154
143.0,-22.5,3.4129133224487305,280.950927734375,8.002197265625,209.6921844482422,7.990798473358154
144.0,-22.5,3.4129159450531006,280.9649963378906,8.002197265625,209.74710083007812,7.990798473358154
145.0,-22.5,3.4128987789154053,280.98004150390625,8.002197265625,209.8017578125,7.990798473358154
146.0,-22.5,3.412917375564575,280.9960021972656,8.002197265625,209.8561553955078,7.990798473358154
147.0,-22.5,3.4129085540771484,281.012939453125,8.002197265625,209.91026306152344,7.990798473358154
148.0,-22.5,3.4128952026367188,281.03082275390625,8.002197265625,209.9640655517578,7.990798473358154
149.0,-22.5,3.412895917892456,281.04962158203125,8.002197265625,210.0175323486328,7.990798473358154
150.0,-22.5,3.412914752960205,281.0693359375,8.002197265625,210.0706787109375,7.990798473358154
151.0,-22.5,3.4129199981689453,281.0899963378906,8.002197265625,210.1234893798828,7.990798473358154
152.0,-22.5,3.4129183292388916,281.111572265625,8.002197265625,210.1759033203125,7.990798473358154
153.0,-22.5,3.412919521331787,281.1340637207031,8.002197265625,210.2279510498047,7.990798473358154
154.0,-22.5,3.4129014015197754,281.157470703125,8.002197265625,210.27957153320312,7.990798473358154
155.0,-22.5,3.4129016399383545,281.1817626953125,8.002197265625,210.33079528808594,7.990798473358154
156.0,-22.5,3.4129083156585693,281.2069396972656,8.002197265625,210.381591796875,7.990798473358154
157.0,-22.5,3.4129152297973633,281.2330017089844,8.002197265625,210.43194580078125,7.990798473358154
158.0,-22.5,3.4129018783569336,281.25994873046875,8.002197265625,210.4818115234375,7.990798473358154
159.0,-22.5,3.412907838821411,281.2877502441406,8.002197265625,210.53121948242188,7.990798473358154
160.0,-22.5,3.4129111766815186,281.31640625,8.002197265625,210.5801239013672,7.990798473358154
161.0,-22.5,3.412912130355835,281.3459167480469,8.002197265625,210.62852478027344,7.990798473358154
162.0,-22.5,3.4129037857055664,281.37628173828125,8.002197265625,210.67640686035156,7.990798473358154
163.0,-22.5,3.4128944873809814,281.407470703125,8.002197265625,210.72373962402344,7.990798473358154
164.0,-22.5,3.4128925800323486,281.4394836425781,8.002197265625,210.77053833007812,7.990798473358154
165.0,-22.5,3.412905693054199,281.4722900390625,8.002197265625,210.8167724609375,7.990798473358154
166.0,-22.5,3.412916660308838,281.5058898925781,8.002197265625,210.86241149902344,7.990798473358154
167.0,-22.5,3.4129016399383545,281.5403137207031,8.002197265625,210.90745544433594,7.990798473358154
168.0,-22.5,3.412916660308838,281.57550048828125,8.002197265625,210.95191955566406,7.990798473358154
169.0,-22.5,3.4129157066345215,281.6114501953125,8.002197265625,210.9957275390625,7.990798473358154
170.0,-22.5,3.412904977798462,281.648193359375,8.002197265625,211.03892517089844,7.990798473358154
171.0,-22.5,3.412921905517578,281.6856384277344,8.002197265625,211.0814666748047,7.990798473358154
172.0,-22.5,3.4129128456115723,281.7238464355469,8.002197265625,211.1233367919922,7.990798473358154
173.0,-22.5,3.412910223007202,281.7627868652344,8.002197265625,211.16455078125,7.990798473358154
174.0,-22.5,3.412914514541626,281.80242919921875,8.002197265625,211.205078125,7.990798473358154
175.0,-22.5,3.4129159450531006,281.8427734375,8.002197265625,211.24490356445312,7.990798473358154
176.0,-22.5,3.4129042625427246,281.8838195800781,8.002197265625,211.2840118408203,7.990798473358154
177.0,-22.5,3.4128990173339844,281.925537109375,8.002197265625,211.32240295410156,7.990798473358154
178.0,-22.5,3.412909507751465,281.9678955078125,8.002197265625,211.3600616455078,7.990798473358154
179.0,-22.5,3.412904977798462,282.01092529296875,8.002197265625,211.39697265625,7.990798473358154
180.0,-22.5,3.412905216217041,282.0545959472656,8.002197265625,211.43313598632812,7.990798473358154
181.0,-22.5,3.4129061698913574,282.098876953125,8.002197265625,211.46852111816406,7.990798473358154
182.0,-22.5,3.412907123565674,282.1437683105469,8.002197265625,211.5031280517578,7.990798473358154
183.0,-22.5,3.4129090309143066,282.18927001953125,8.002197265625,211.53695678710938,7.990798473358154
184.0,-22.5,3.412905216217041,282.2353515625,8.002197265625,211.56997680664062,7.990798473358154
185.0,-22.5,3.4129128456115723,282.281982421875,8.002197265625,211.60218811035156,7.990798473358154
186.0,-22.5,3.4129152297973633,282.3291931152344,8.002197265625,211.6335906982422,7.990798473358154
187.0,-22.5,3.4128923416137695,282.376953125,8.002197265625,211.6641387939453,7.990798473358154
188.0,-22.5,3.412912368774414,282.4252014160156,8.002197265625,211.69387817382812,7.990798473358154
189.0,-22.5,3.4129223823547363,282.4739685058594,8.002197265625,211.72276306152344,7.990798473358154
190.0,-22.5,3.412909984588623,282.52325439453125,8.002197265625,211.7507781982422,7.990798473358154
191.0,-22.5,3.41290283203125,282.5730285644531,8.002197265625,211.77793884277344,7.990798473358154
192.0,-22.5,3.412902355194092,282.6232604980469,8.002197265625,211.80422973632812,7.990798473358154
193.0,-22.5,3.4129085540771484,282.6739196777344,8.002197265625,211.8296356201172,7.990798473358154
194.0,-22.5,3.412907838821411,282.72503662109375,8.002197265625,211.85415649414062,7.990798473358154
195.0,-22.5,3.4129140377044678,282.7765808105469,8.002197265625,211.87779235839844,7.990798473358154
196.0,-22.5,3.4128990173339844,282.8285217285156,8.002197265625,211.90049743652344,7.990798473358154
197.0,-22.5,3.4129140377044678,282.8808288574219,8.002197265625,211.9223175048828,7.990798473358154
198.0,-22.5,3.412907600402832,282.93353271484375,8.002197265625,211.94320678710938,7.990798473358154
199.0,-22.5,3.412914752960205,282.986572265625,8.002197265625,211.9631805419922,7.990798473358154
200.0,-22.5,3.412911891937256,283.03997802734375,8.002197265625,211.9822235107422,7.990798473358154
201.0,-22.5,3.4129185676574707,283.09368896484375,8.002197265625,212.00033569335938,7.990798473358154
202.0,-22.5,3.412911891937256,283.1477355957031,8.002197265625,212.0175018310547,7.990798473358154
203.0,-22.5,3.412909746170044,283.2020568847656,8.002197265625,212.03372192382812,7.990798473358154
204.0,-22.5,3.412911891937256,283.25665283203125,8.002197265625,212.0489959716797,7.990798473358154
205.0,-22.5,3.4129116535186768,283.3114929199219,8.002197265625,212.0633087158203,7.990798473358154
206.0,-22.5,3.4129228591918945,283.3665771484375,8.002197265625,212.07667541503906,7.990798473358154
207.0,-22.5,3.4129178524017334,283.4219055175781,8.002197265625,212.0890655517578,7.990798473358154
208.0,-22.5,3.4129233360290527,283.4774169921875,8.002197265625,212.10049438476562,7.990798473358154
209.0,-22.5,3.41291880607605,283.53314208984375,8.002197265625,212.11094665527344,7.990798473358154
210.0,-22.5,3.4129114151000977,283.58905029296875,8.002197265625,212.12042236328125,7.990798473358154
211.0,-22.5,3.4129090309143066,283.64508056640625,8.002197265625,212.12892150878906,7.990798473358154
212.0,-22.5,3.4129037857055664,283.7012939453125,8.002197265625,212.13644409179688,7.990798473358154
213.0,-22.5,3.412907361984253,283.7575988769531,8.002197265625,212.1429901123047,7.990798473358154
214.0,-22.5,3.412916421890259,283.81402587890625,8.002197265625,212.1485595703125,7.990798473358154
215.0,-22.5,3.412921667098999,283.8705139160156,8.002197265625,212.15313720703125,7.990798473358154
216.0,-22.5,3.4129061698913574,283.9270935058594,8.002197265625,212.15670776367188,7.990798473358154
217.0,-22.5,3.4129154682159424,283.9837341308594,8.002197265625,212.15931701660156,7.990798473358154
218.0,-22.5,3.4129226207733154,284.0404052734375,8.002197265625,212.1609344482422,7.990798473358154
219.0,-22.5,3.4129271507263184,284.0970764160156,8.002197265625,212.16156005859375,7.990798473358154
220.0,-22.5,3.412914514541626,284.15374755859375,8.002197265625,212.1611785888672,7.990798473358154
221.0,-22.5,3.412914752960205,284.21044921875,8.002197265625,212.15982055664062,7.990798473358154
222.0,-22.5,3.4129104614257812,284.2670593261719,8.002197265625,212.157470703125,7.990798473358154
223.0,-22.5,3.412904977798462,284.32366943359375,8.002197265625,212.1541290283203,7.990798473358154
224.0,-22.5,3.4129226207733154,284.38018798828125,8.002197265625,212.1498260498047,7.990798473358154
225.0,-22.5,3.41291880607605,284.4366149902344,8.002197265625,212.14451599121094,7.990798473358154
226.0,-22.5,3.412912130355835,284.49298095703125,8.002197265625,212.13821411132812,7.990798473358154
227.0,-22.5,3.412907361984253,284.5491943359375,8.002197265625,212.1309356689453,7.990798473358154
228.0,-22.5,3.4129221439361572,284.60528564453125,8.002197265625,212.12269592285156,7.990798473358154
229.0,-22.5,3.4129092693328857,284.6612243652344,8.002197265625,212.1134490966797,7.990798473358154
230.0,-22.5,3.4129207134246826,284.71697998046875,8.002197265625,212.10325622558594,7.990798473358154
231.0,-22.5,3.412914276123047,284.7725524902344,8.002197265625,212.09207153320312,7.990798473358154
232.0,-22.5,3.412911891937256,284.8279113769531,8.002197265625,212.07992553710938,7.990798473358154
233.0,-22.5,3.4129133224487305,284.883056640625,8.002197265625,212.0668182373047,7.990798473358154
234.0,-22.5,3.412919521331787,284.93798828125,8.002197265625,212.05274963378906,7.990798473358154
235.0,-22.5,3.412916660308838,284.9926452636719,8.002197265625,212.0377197265625,7.990798473358154
236.0,-22.5,3.412917375564575,285.0470275878906,8.002197265625,212.02174377441406,7.990798473358154
237.0,-22.5,3.412917375564575,285.1011657714844,8.002197265625,212.0048065185547,7.990798473358154
238.0,-22.5,3.4129183292388916,285.15496826171875,8.002197265625,211.9869384765625,7.990798473358154
239.0,-22.5,3.412932872772217,285.20843505859375,8.002197265625,211.96815490722656,7.990798473358154
240.0,-22.5,3.412919759750366,285.2615661621094,8.002197265625,211.9484100341797,7.990798473358154
241.0,-22.5,3.4129199981689453,285.3143615722656,8.002197265625,211.92774963378906,7.990798473358154
242.0,-22.5,3.412923812866211,285.3667907714844,8.002197265625,211.9061737060547,7.990798473358154
243.0,-22.5,3.412919521331787,285.4188232421875,8.002197265625,211.88368225097656,7.990798473358154
244.0,-22.5,3.4129204750061035,285.470458984375,8.002197265625,211.86029052734375,7.990798473358154
245.0,-22.5,3.412914276123047,285.5216979980469,8.002197265625,211.8359832763672,7.990798473358154
246.0,-22.5,3.412914991378784,285.5724792480469,8.002197265625,211.81080627441406,7.990798473358154
247.0,-22.5,3.4129347801208496,285.6228332519531,8.002197265625,211.78475952148438,7.990798473358154
248.0,-22.5,3.412921905517578,285.6726989746094,8.002197265625,211.7578125,7.990798473358154
249.0,-22.5,3.4129278659820557,285.72210693359375,8.002197265625,211.73001098632812,7.990798473358154
250.0,-22.5,3.4129111766815186,285.77099609375,8.002197265625,211.7013397216797,7.990798473358154
251.0,-22.5,3.412912368774414,285.81939697265625,8.002197265625,211.6718292236328,7.990798473358154
252.0,-22.5,3.4129319190979004,285.8673095703125,8.002197265625,211.6414794921875,7.990798473358154
253.0,-22.5,3.4129226207733154,285.9146423339844,8.002197265625,211.61029052734375,7.990798473358154
254.0,-22.5,3.4129128456115723,285.96142578125,8.002197265625,211.57827758789062,7.990798473358154
255.0,-22.5,3.412926197052002,286.0076599121094,8.002197265625,211.54547119140625,7.990798473358154
256.0,-22.5,3.4129340648651123,286.0533142089844,8.002197265625,211.51185607910156,7.990798473358154
257.0,-22.5,3.412930965423584,286.0983581542969,8.002197265625,211.47744750976562,7.990798473358154
258.0,-22.5,3.4129278659820557,286.1427917480469,8.002197265625,211.4422607421875,7.990798473358154
259.0,-22.5,3.4129252433776855,286.1866149902344,8.002197265625,211.4062957763672,7.990798473358154
260.0,-22.5,3.4129161834716797,286.22979736328125,8.002197265625,211.36956787109375,7.990798473358154
261.0,-22.5,3.412921905517578,286.2723388671875,8.002197265625,211.3321075439453,7.990798473358154
262.0,-22.5,3.4129326343536377,286.3142395019531,8.002197265625,211.2938995361328,7.990798473358154
263.0,-22.5,3.4129202365875244,286.3554382324219,8.002197265625,211.2549591064453,7.990798473358154
264.0,-22.5,3.4129247665405273,286.3959655761719,8.002197265625,211.21531677246094,7.990798473358154
265.0,-22.5,3.4129161834716797,286.435791015625,8.002197265625,211.17495727539062,7.990798473358154
266.0,-22.5,3.412914276123047,286.4748840332031,8.002197265625,211.13394165039062,7.990798473358154
267.0,-22.5,3.4129090309143066,286.5132751464844,8.002197265625,211.09222412109375,7.990798473358154
268.0,-22.5,3.412909746170044,286.5509338378906,8.002197265625,211.0498504638672,7.990798473358154
269.0,-22.5,3.4129161834716797,286.5878601074219,8.002197265625,211.00682067871094,7.990798473358154
270.0,-22.5,3.4129257202148438,286.6240234375,8.002197265625,210.96316528320312,7.990798473358154
271.0,-22.5,3.4129152297973633,286.6593933105469,8.002197265625,210.91888427734375,7.990798473358154
272.0,-22.5,3.4129157066345215,286.6940002441406,8.002197265625,210.87399291992188,7.990798473358154
273.0,-22.5,3.412929058074951,286.72784423828125,8.002197265625,210.8284912109375,7.990798473358154
274.0,-22.5,3.4129254817962646,286.7608642578125,8.002197265625,210.78240966796875,7.990798473358154
275.0,-22.5,3.4129128456115723,286.7930603027344,8.002197265625,210.7357635498047,7.990798473358154
276.0,-22.5,3.412914991378784,286.824462890625,8.002197265625,210.6885528564453,7.990798473358154
277.0,-22.5,3.4129247665405273,286.85504150390625,8.002197265625,210.64080810546875,7.990798473358154
278.0,-22.5,3.4129250049591064,286.884765625,8.002197265625,210.59254455566406,7.990798473358154
279.0,-22.5,3.412914991378784,286.91363525390625,8.002197265625,210.54376220703125,7.990798473358154
280.0,-22.5,3.412910223007202,286.941650390625,8.002197265625,210.49449157714844,7.990798473358154
281.0,-22.5,3.412928581237793,286.9688415527344,8.002197265625,210.44471740722656,7.990798473358154
282.0,-22.5,3.412921905517578,286.9951171875,8.002197265625,210.39450073242188,7.990798473358154
283.0,-22.5,3.4129085540771484,287.0205078125,8.002197265625,210.3438262939453,7.990798473358154
284.0,-22.5,3.4129209518432617,287.0450439453125,8.002197265625,210.29270935058594,7.990798473358154
285.0,-22.5,3.4129199981689453,287.06866455078125,8.002197265625,210.24118041992188,7.990798473358154
286.0,-22.5,3.4129316806793213,287.0914001464844,8.002197265625,210.18923950195312,7.990798473358154
287.0,-22.5,3.412914276123047,287.1131896972656,8.002197265625,210.1369171142578,7.990798473358154
288.0,-22.5,3.412921190261841,287.13409423828125,8.002197265625,210.08421325683594,7.990798473358154
289.0,-22.5,3.412909746170044,287.154052734375,8.002197265625,210.03115844726562,7.990798473358154
290.0,-22.5,3.412912130355835,287.173095703125,8.002197265625,209.97776794433594,7.990798473358154
291.0,-22.5,3.4129323959350586,287.19122314453125,8.002197265625,209.92405700683594,7.990798473358154
292.0,-22.5,3.412911891937256,287.2083740234375,8.002197265625,209.87001037597656,7.990798473358154
293.0,-22.5,3.412923812866211,287.224609375,8.002197265625,209.81568908691406,7.990798473358154
294.0,-22.5,3.4129159450531006,287.2398681640625,8.002197265625,209.7611083984375,7.990798473358154
295.0,-22.5,3.4129397869110107,287.25421142578125,8.002197265625,209.7062530517578,7.990798473358154
296.0,-22.5,3.4129230976104736,287.2675476074219,8.002197265625,209.6511688232422,7.990798473358154
297.0,-22.5,3.4129176139831543,287.2799377441406,8.002197265625,209.59584045410156,7.990798473358154
298.0,-22.5,3.4129345417022705,287.2913818359375,8.002197265625,209.54031372070312,7.990798473358154
299.0,-22.5,3.41291880607605,287.30181884765625,8.002197265625,209.48460388183594,7.990798473358154
300.0,-22.5,3.4129281044006348,287.3113098144531,8.002197265625,209.4287109375,7.990798473358154
301.0,-22.5,3.4129090309143066,287.3197937011719,8.002197265625,209.37266540527344,7.990798473358154
302.0,-22.5,3.4129199981689453,287.32733154296875,8.002197265625,209.31646728515625,7.990798473358154
303.0,-22.5,3.412907361984253,287.3338623046875,8.002197265625,209.26014709472656,7.990798473358154
304.0,-22.5,3.4129321575164795,287.3394470214844,8.002197265625,209.2037353515625,7.990798473358154
305.0,-22.5,3.412935972213745,287.3440246582031,8.002197265625,209.14723205566406,7.990798473358154
306.0,-22.5,3.4129202365875244,287.34759521484375,8.002197265625,209.0906524658203,7.990798473358154
307.0,-22.5,3.4129159450531006,287.3501892089844,8.002197265625,209.03402709960938,7.990798473358154
308.0,-22.5,3.4129228591918945,287.351806640625,8.002197265625,208.97735595703125,7.990798473358154
309.0,-22.5,3.4129416942596436,287.3524475097656,8.002197265625,208.92066955566406,7.990798473358154
310.0,-22.5,3.412914514541626,287.35205078125,8.002197265625,208.86399841308594,7.990798473358154
311.0,-22.5,3.412928581237793,287.3507080078125,8.002197265625,208.8073272705078,7.990798473358154
312.0,-22.5,3.412925958633423,287.3483581542969,8.002197265625,208.75067138671875,7.990798473358154
313.0,-22.5,3.412904977798462,287.3450012207031,8.002197265625,208.69407653808594,7.990798473358154
314.0,-22.5,3.4129226207733154,287.3406982421875,8.002197265625,208.63755798339844,7.990798473358154
315.0,-22.5,3.41291880607605,287.33538818359375,8.002197265625,208.5811309814453,7.990798473358154
316.0,-22.5,3.4129247665405273,287.3291015625,8.002197265625,208.5247802734375,7.990798473358154
317.0,-22.5,3.4129340648651123,287.32183837890625,8.002197265625,208.46856689453125,7.990798473358154
318.0,-22.5,3.412919759750366,287.3135681152344,8.002197265625,208.4124755859375,7.990798473358154
319.0,-22.5,3.4129066467285156,287.3043212890625,8.002197265625,208.35653686523438,7.990798473358154
320.0,-22.5,3.4129180908203125,287.29412841796875,8.002197265625,208.30078125,7.990798473358154
321.0,-22.5,3.4129254817962646,287.282958984375,8.002197265625,208.24520874023438,7.990798473358154
322.0,-22.5,3.412925958633423,287.27081298828125,8.002197265625,208.18983459472656,7.990798473358154
323.0,-22.5,3.412916660308838,287.2576904296875,8.002197265625,208.13467407226562,7.990798473358154
324.0,-22.5,3.4129159450531006,287.2436218261719,8.002197265625,208.07977294921875,7.990798473358154
325.0,-22.5,3.412930727005005,287.2286071777344,8.002197265625,208.0251007080078,7.990798473358154
326.0,-22.5,3.412921905517578,287.2126159667969,8.002197265625,207.970703125,7.990798473358154
327.0,-22.5,3.4129130840301514,287.1956787109375,8.002197265625,207.91659545898438,7.990798473358154
328.0,-22.5,3.4129276275634766,287.1778259277344,8.002197265625,207.86279296875,7.990798473358154
329.0,-22.5,3.4129281044006348,287.1590270996094,8.002197265625,207.809326171875,7.990798473358154
330.0,-22.5,3.4129199981689453,287.1392822265625,8.002197265625,207.7561798095703,7.990798473358154
331.0,-22.5,3.412947177886963,287.11865234375,8.002197265625,207.70338439941406,7.990798473358154
332.0,-22.5,3.4129183292388916,287.0970458984375,8.002197265625,207.65097045898438,7.990798473358154
333.0,-22.5,3.412919521331787,287.0745544433594,8.002197265625,207.5989227294922,7.990798473358154
334.0,-22.5,3.4129278659820557,287.0511779785156,8.002197265625,207.54730224609375,7.990798473358154
335.0,-22.5,3.4129080772399902,287.02685546875,8.002197265625,207.49606323242188,7.990798473358154
336.0,-22.5,3.4129085540771484,287.0016784667969,8.002197265625,207.44528198242188,7.990798473358154
337.0,-22.5,3.4129152297973633,286.9756164550781,8.002197265625,207.39492797851562,7.990798473358154
338.0,-22.5,3.4129273891448975,286.9486999511719,8.002197265625,207.34506225585938,7.990798473358154
339.0,-22.5,3.412933111190796,286.9208984375,8.002197265625,207.295654296875,7.990798473358154
340.0,-22.5,3.4129114151000977,286.8922119140625,8.002197265625,207.2467498779297,7.990798473358154
341.0,-22.5,3.412944793701172,286.86273193359375,8.002197265625,207.19833374023438,7.990798473358154
342.0,-22.5,3.412936210632324,286.8323669433594,8.002197265625,207.15045166015625,7.990798473358154
343.0,-22.5,3.41292667388916,286.8011779785156,8.002197265625,207.10311889648438,7.990798473358154
344.0,-22.5,3.4129247665405273,286.7691650390625,8.002197265625,207.0563201904297,7.990798473358154
345.0,-22.5,3.4129295349121094,286.7363586425781,8.002197265625,207.01010131835938,7.990798473358154
346.0,-22.5,3.4129257202148438,286.7027282714844,8.002197265625,206.96444702148438,7.990798473358154
347.0,-22.5,3.412933349609375,286.6683349609375,8.002197265625,206.91940307617188,7.990798473358154
348.0,-22.5,3.4129395484924316,286.6331481933594,8.002197265625,206.8749542236328,7.990798473358154
349.0,-22.5,3.4129159450531006,286.59716796875,8.002197265625,206.83114624023438,7.990798473358154
350.0,-22.5,3.4129269123077393,286.5604553222656,8.002197265625,206.78794860839844,7.990798473358154
351.0,-22.5,3.412921905517578,286.5229797363281,8.002197265625,206.7454071044922,7.990798473358154
352.0,-22.5,3.4129228591918945,286.4847717285156,8.002197265625,206.70352172851562,7.990798473358154
353.0,-22.5,3.4129412174224854,286.44586181640625,8.002197265625,206.6623077392578,7.990798473358154
354.0,-22.5,3.412935256958008,286.4062194824219,8.002197265625,206.62179565429688,7.990798473358154
355.0,-22.5,3.412936210632324,286.3658752441406,8.002197265625,206.58197021484375,7.990798473358154
356.0,-22.5,3.412923812866211,286.3248291015625,8.002197265625,206.54286193847656,7.990798473358154
357.0,-22.5,3.4129185676574707,286.2831115722656,8.002197265625,206.5044708251953,7.990798473358154
358.0,-22.5,3.412909507751465,286.24072265625,8.002197265625,206.46681213378906,7.990798473358154
359.0,-22.5,3.4129347801208496,286.1977233886719,8.002197265625,206.4298858642578,7.990798473358154
