angle,vert_angle,dist,x,y,z,height
0.0,22.5,5.221277713775635,42.315093994140625,8.002197265625,159.191162109375,7.989853858947754
1.0,22.5,5.221277713775635,42.35850143432617,8.002197265625,159.1131591796875,7.989853858947754
2.0,22.5,5.221275329589844,42.40053939819336,8.002197265625,159.03440856933594,7.989853858947754
3.0,22.5,5.2212724685668945,42.441200256347656,8.002197265625,158.95492553710938,7.989853858947754
4.0,22.5,5.221277236938477,42.480464935302734,8.002197265625,158.87477111816406,7.989853858947754
5.0,22.5,5.221273899078369,42.5183219909668,8.002197265625,158.79393005371094,7.989853858947754
6.0,22.5,5.2212815284729,42.554771423339844,8.002197265625,158.7124481201172,7.989853858947754
7.0,22.5,5.221277236938477,42.589786529541016,8.002197265625,158.6303253173828,7.989853858947754
8.0,22.5,5.221274375915527,42.62336349487305,8.002197265625,158.547607421875,7.989853858947754
9.0,22.5,5.221273899078369,42.65549087524414,8.002197265625,158.46432495117188,7.989853858947754
10.0,22.5,5.221273422241211,42.686161041259766,8.002197265625,158.3804931640625,7.989853858947754
11.0,22.5,5.2212724685668945,42.71536636352539,8.002197265625,158.29612731933594,7.989853858947754
12.0,22.5,5.221271514892578,42.74309158325195,8.002197265625,158.21127319335938,7.989853858947754
13.0,22.5,5.221270561218262,42.76933288574219,8.002197265625,158.12594604492188,7.989853858947754
14.0,22.5,5.22127628326416,42.79408264160156,8.002197265625,158.04019165039062,7.989853858947754
15.0,22.5,5.2212700843811035,42.817325592041016,8.002197265625,157.95399475097656,7.989853858947754
16.0,22.5,5.221274375915527,42.83906936645508,8.002197265625,157.86741638183594,7.989853858947754
17.0,22.5,5.221277713775635,42.85929489135742,8.002197265625,157.78048706054688,7.989853858947754
18.0,22.5,5.221271514892578,42.87799835205078,8.002197265625,157.69317626953125,7.989853858947754
19.0,22.5,5.221274375915527,42.895179748535156,8.002197265625,157.60557556152344,7.989853858947754
20.0,22.5,5.221272945404053,42.910823822021484,8.002197265625,157.5177001953125,7.989853858947754
21.0,22.5,5.221277713775635,42.9249382019043,8.002197265625,157.4295654296875,7.989853858947754
22.0,22.5,5.221274375915527,42.93750762939453,8.002197265625,157.34117126464844,7.989853858947754
23.0,22.5,5.221271991729736,42.94853210449219,8.002197265625,157.25257873535156,7.989853858947754
24.0,22.5,5.2212700843811035,42.9580078125,8.002197265625,157.163818359375,7.989853858947754
25.0,22.5,5.221273899078369,42.965938568115234,8.002197265625,157.07492065429688,7.989853858947754
26.0,22.5,5.2212724685668945,42.972312927246094,8.002197265625,156.98587036132812,7.989853858947754
27.0,22.5,5.221274375915527,42.977134704589844,8.002197265625,156.896728515625,7.989853858947754
28.0,22.5,5.221272945404053,42.98039627075195,8.002197265625,156.8075408935547,7.989853858947754
29.0,22.5,5.221275329589844,42.98210525512695,8.002197265625,156.71827697753906,7.989853858947754
30.0,22.5,5.221271991729736,42.98225021362305,8.002197265625,156.62901306152344,7.989853858947754
31.0,22.5,5.221274375915527,42.98084259033203,8.002197265625,156.5397491455078,7.989853858947754
32.0,22.5,5.221273422241211,42.977874755859375,8.002197265625,156.45053100585938,7.989853858947754
33.0,22.5,5.221273422241211,42.973350524902344,8.002197265625,156.3613739013672,7.989853858947754
34.0,22.5,5.221271514892578,42.96726989746094,8.002197265625,156.27232360839844,7.989853858947754
35.0,22.5,5.221274375915527,42.95964050292969,8.002197265625,156.18338012695312,7.989853858947754
36.0,22.5,5.221275806427002,42.95045852661133,8.002197265625,156.09458923339844,7.989853858947754
37.0,22.5,5.221272945404053,42.93972396850586,8.002197265625,156.00596618652344,7.989853858947754
38.0,22.5,5.221274375915527,42.92744827270508,8.002197265625,155.91754150390625,7.989853858947754
39.0,22.5,5.221276760101318,42.913631439208984,8.002197265625,155.829345703125,7.989853858947754
40.0,22.5,5.221277713775635,42.898277282714844,8.002197265625,155.7414093017578,7.989853858947754
41.0,22.5,5.221271991729736,42.881385803222656,8.002197265625,155.6537628173828,7.989853858947754
42.0,22.5,5.2212748527526855,42.862972259521484,8.002197265625,155.56640625,7.989853858947754
43.0,22.5,5.221274375915527,42.84303665161133,8.002197265625,155.47940063476562,7.989853858947754
44.0,22.5,5.221272945404053,42.82158279418945,8.002197265625,155.3927459716797,7.989853858947754
45.0,22.5,5.221271514892578,42.798622131347656,8.002197265625,155.30648803710938,7.989853858947754
46.0,22.5,5.221276760101318,42.77416229248047,8.002197265625,155.2206268310547,7.989853858947754
47.0,22.5,5.221278190612793,42.74820327758789,8.002197265625,155.1352081298828,7.989853858947754
48.0,22.5,5.221275329589844,42.720760345458984,8.002197265625,155.05027770996094,7.989853858947754
49.0,22.5,5.22127628326416,42.691837310791016,8.002197265625,154.9658203125,7.989853858947754
50.0,22.5,5.221277236938477,42.66144561767578,8.002197265625,154.8818817138672,7.989853858947754
51.0,22.5,5.221272945404053,42.62958908081055,8.002197265625,154.79849243164062,7.989853858947754
52.0,22.5,5.221277236938477,42.596290588378906,8.002197265625,154.71566772460938,7.989853858947754
53.0,22.5,5.22127628326416,42.561546325683594,8.002197265625,154.63343811035156,7.989853858947754
54.0,22.5,5.2212724685668945,42.52537155151367,8.002197265625,154.5518341064453,7.989853858947754
55.0,22.5,5.221271991729736,42.4877815246582,8.002197265625,154.4708709716797,7.989853858947754
56.0,22.5,5.221277236938477,42.44878387451172,8.002197265625,154.39056396484375,7.989853858947754
57.0,22.5,5.221278190612793,42.408390045166016,8.002197265625,154.3109588623047,7.989853858947754
58.0,22.5,5.221266746520996,42.366607666015625,8.002197265625,154.23208618164062,7.989853858947754
59.0,22.5,5.221278190612793,42.32345962524414,8.002197265625,154.15391540527344,7.989853858947754
60.0,22.5,5.2212677001953125,42.278953552246094,8.002197265625,154.07655334472656,7.989853858947754
61.0,22.5,5.221278190612793,42.23310470581055,8.002197265625,153.99993896484375,7.989853858947754
62.0,22.5,5.22127628326416,42.18592834472656,8.002197265625,153.92416381835938,7.989853858947754
63.0,22.5,5.221277236938477,42.13743209838867,8.002197265625,153.84921264648438,7.989853858947754
64.0,22.5,5.221271514892578,42.0876350402832,8.002197265625,153.77513122558594,7.989853858947754
65.0,22.5,5.221277236938477,42.03656005859375,8.002197265625,153.70191955566406,7.989853858947754
66.0,22.5,5.221269607543945,41.98420715332031,8.002197265625,153.62962341308594,7.989853858947754
67.0,22.5,5.221268653869629,41.93060302734375,8.002197265625,153.55824279785156,7.989853858947754
68.0,22.5,5.221266269683838,41.87575912475586,8.002197265625,153.48780822753906,7.989853858947754
69.0,22.5,5.221271991729736,41.819698333740234,8.002197265625,153.4183349609375,7.989853858947754
70.0,22.5,5.221273422241211,41.76243209838867,8.002197265625,153.349853515625,7.989853858947754
71.0,22.5,5.221278190612793,41.7039794921875,8.002197265625,153.28237915039062,7.989853858947754
72.0,22.5,5.2212653160095215,41.64435577392578,8.002197265625,153.21595764160156,7.989853858947754
73.0,22.5,5.221275806427002,41.583587646484375,8.002197265625,153.1505584716797,7.989853858947754
74.0,22.5,5.221274375915527,41.52168273925781,8.002197265625,153.08624267578125,7.989853858947754
75.0,22.5,5.221277236938477,41.45866394042969,8.002197265625,153.02301025390625,7.989853858947754
76.0,22.5,5.221278667449951,41.394554138183594,8.002197265625,152.9608917236328,7.989853858947754
77.0,22.5,5.2212677001953125,41.329368591308594,8.002197265625,152.89991760253906,7.989853858947754
78.0,22.5,5.221270561218262,41.26313018798828,8.002197265625,152.84007263183594,7.989853858947754
79.0,22.5,5.221263885498047,41.19585418701172,8.002197265625,152.78140258789062,7.989853858947754
80.0,22.5,5.221277236938477,41.127567291259766,8.002197265625,152.72389221191406,7.989853858947754
81.0,22.5,5.221273422241211,41.058284759521484,8.002197265625,152.6676025390625,7.989853858947754
82.0,22.5,5.221281051635742,40.988033294677734,8.002197265625,152.61251831054688,7.989853858947754
83.0,22.5,5.221275329589844,40.916831970214844,8.002197265625,152.55868530273438,7.989853858947754
84.0,22.5,5.221278667449951,40.844696044921875,8.002197265625,152.50608825683594,7.989853858947754
85.0,22.5,5.221273899078369,40.77165985107422,8.002197265625,152.45477294921875,7.989853858947754
86.0,22.5,5.221279144287109,40.69773483276367,8.002197265625,152.40472412109375,7.989853858947754
87.0,22.5,5.221272945404053,40.622947692871094,8.002197265625,152.35598754882812,7.989853858947754
88.0,22.5,5.221269130706787,40.547325134277344,8.002197265625,152.30856323242188,7.989853858947754
89.0,22.5,5.2212629318237305,40.470882415771484,8.002197265625,152.26246643066406,7.989853858947754
90.0,22.5,5.221280097961426,40.393646240234375,8.002197265625,152.21768188476562,7.989853858947754
91.0,22.5,5.221270561218262,40.315643310546875,8.002197265625,152.17428588867188,7.989853858947754
92.0,22.5,5.221271991729736,40.236900329589844,8.002197265625,152.1322479248047,7.989853858947754
93.0,22.5,5.221275329589844,40.15742492675781,8.002197265625,152.09158325195312,7.989853858947754
94.0,22.5,5.2212724685668945,40.0772590637207,8.002197265625,152.0523223876953,7.989853858947754
95.0,22.5,5.221268653869629,39.99641799926758,8.002197265625,152.01446533203125,7.989853858947754
96.0,22.5,5.221263408660889,39.9149284362793,8.002197265625,151.97802734375,7.989853858947754
97.0,22.5,5.221277713775635,39.83280944824219,8.002197265625,151.9429931640625,7.989853858947754
98.0,22.5,5.22127103805542,39.750099182128906,8.002197265625,151.909423828125,7.989853858947754
99.0,22.5,5.221275806427002,39.666812896728516,8.002197265625,151.87728881835938,7.989853858947754
100.0,22.5,5.221261501312256,39.58298110961914,8.002197265625,151.8466339111328,7.989853858947754
101.0,22.5,5.221278667449951,39.498626708984375,8.002197265625,151.81741333007812,7.989853858947754
102.0,22.5,5.221277236938477,39.41377258300781,8.002197265625,151.78968811035156,7.989853858947754
103.0,22.5,5.221281051635742,39.32844924926758,8.002197265625,151.76344299316406,7.989853858947754
104.0,22.5,5.221282482147217,39.242679595947266,8.002197265625,151.7386932373047,7.989853858947754
105.0,22.5,5.221274375915527,39.156490325927734,8.002197265625,151.7154541015625,7.989853858947754
106.0,22.5,5.221278190612793,39.06991195678711,8.002197265625,151.69371032714844,7.989853858947754
107.0,22.5,5.221285343170166,38.98296356201172,8.002197265625,151.67347717285156,7.989853858947754
108.0,22.5,5.221273899078369,38.89567947387695,8.002197265625,151.65478515625,7.989853858947754
109.0,22.5,5.221261024475098,38.80807876586914,8.002197265625,151.6376190185547,7.989853858947754
110.0,22.5,5.221283912658691,38.720191955566406,8.002197265625,151.6219482421875,7.989853858947754
111.0,22.5,5.221287727355957,38.632049560546875,8.002197265625,151.6078338623047,7.989853858947754
112.0,22.5,5.221275329589844,38.543670654296875,8.002197265625,151.59527587890625,7.989853858947754
113.0,22.5,5.221266269683838,38.45508575439453,8.002197265625,151.58425903320312,7.989853858947754
114.0,22.5,5.221263408660889,38.3663215637207,8.002197265625,151.5747833251953,7.989853858947754
115.0,22.5,5.221284866333008,38.277408599853516,8.002197265625,151.56683349609375,7.989853858947754
116.0,22.5,5.221272945404053,38.1883659362793,8.002197265625,151.5604705810547,7.989853858947754
117.0,22.5,5.221274375915527,38.09922790527344,8.002197265625,151.55564880371094,7.989853858947754
118.0,22.5,5.221261024475098,38.01001739501953,8.002197265625,151.55239868164062,7.989853858947754
119.0,22.5,5.221279144287109,37.92076873779297,8.002197265625,151.55067443847656,7.989853858947754
120.0,22.5,5.221268177032471,37.83149719238281,8.002197265625,151.550537109375,7.989853858947754
121.0,22.5,5.221273899078369,37.742244720458984,8.002197265625,151.55194091796875,7.989853858947754
122.0,22.5,5.221266269683838,37.65302276611328,8.002197265625,151.55491638183594,7.989853858947754
123.0,22.5,5.221272945404053,37.563873291015625,8.002197265625,151.55943298339844,7.989853858947754
124.0,22.5,5.221263885498047,37.47481155395508,8.002197265625,151.56552124023438,7.989853858947754
125.0,22.5,5.221266746520996,37.385868072509766,8.002197265625,151.57315063476562,7.989853858947754
126.0,22.5,5.221279621124268,37.29707336425781,8.002197265625,151.5823211669922,7.989853858947754
127.0,22.5,5.221284866333008,37.20845413208008,8.002197265625,151.59304809570312,7.989853858947754
128.0,22.5,5.221278667449951,37.120033264160156,8.002197265625,151.60533142089844,7.989853858947754
129.0,22.5,5.221271991729736,37.03184127807617,8.002197265625,151.61915588378906,7.989853858947754
130.0,22.5,5.221277236938477,36.943904876708984,8.002197265625,151.63450622558594,7.989853858947754
131.0,22.5,5.2212724685668945,36.85625076293945,8.002197265625,151.65139770507812,7.989853858947754
132.0,22.5,5.221270561218262,36.76890182495117,8.002197265625,151.66981506347656,7.989853858947754
133.0,22.5,5.221263885498047,36.681888580322266,8.002197265625,151.68975830078125,7.989853858947754
134.0,22.5,5.22127628326416,36.595237731933594,8.002197265625,151.71119689941406,7.989853858947754
135.0,22.5,5.221273422241211,36.50897216796875,8.002197265625,151.73416137695312,7.989853858947754
136.0,22.5,5.221277236938477,36.423118591308594,8.002197265625,151.7586212158203,7.989853858947754
137.0,22.5,5.221279621124268,36.33770751953125,8.002197265625,151.78457641601562,7.989853858947754
138.0,22.5,5.2212724685668945,36.25276565551758,8.002197265625,151.81202697753906,7.989853858947754
139.0,22.5,5.221279144287109,36.168312072753906,8.002197265625,151.8409423828125,7.989853858947754
140.0,22.5,5.22127628326416,36.08437728881836,8.002197265625,151.871337890625,7.989853858947754
141.0,22.5,5.221283435821533,36.00098419189453,8.002197265625,151.90318298339844,7.989853858947754
142.0,22.5,5.221261978149414,35.91816329956055,8.002197265625,151.93650817871094,7.989853858947754
143.0,22.5,5.221261024475098,35.835933685302734,8.002197265625,151.97125244140625,7.989853858947754
144.0,22.5,5.221270561218262,35.75432205200195,8.002197265625,152.00741577148438,7.989853858947754
145.0,22.5,5.221277236938477,35.67335891723633,8.002197265625,152.0449981689453,7.989853858947754
146.0,22.5,5.221275806427002,35.59305953979492,8.002197265625,152.08399963378906,7.989853858947754
147.0,22.5,5.2212677001953125,35.513450622558594,8.002197265625,152.12440490722656,7.989853858947754
148.0,22.5,5.221278190612793,35.434566497802734,8.002197265625,152.16616821289062,7.989853858947754
149.0,22.5,5.221277236938477,35.356414794921875,8.002197265625,152.20932006835938,7.989853858947754
150.0,22.5,5.221272945404053,35.27903366088867,8.002197265625,152.2538299560547,7.989853858947754
151.0,22.5,5.221283912658691,35.20243835449219,8.002197265625,152.29966735839844,7.989853858947754
152.0,22.5,5.221270561218262,35.12665557861328,8.002197265625,152.34686279296875,7.989853858947754
153.0,22.5,5.2212700843811035,35.05171203613281,8.002197265625,152.39535522460938,7.989853858947754
154.0,22.5,5.2212748527526855,34.977622985839844,8.002197265625,152.4451446533203,7.989853858947754
155.0,22.5,5.221271514892578,34.90441131591797,8.002197265625,152.49623107910156,7.989853858947754
156.0,22.5,5.221270561218262,34.83210372924805,8.002197265625,152.548583984375,7.989853858947754
157.0,22.5,5.2212815284729,34.76072311401367,8.002197265625,152.6021728515625,7.989853858947754
158.0,22.5,5.221282482147217,34.69028854370117,8.002197265625,152.65701293945312,7.989853858947754
159.0,22.5,5.221273422241211,34.620819091796875,8.002197265625,152.7130889892578,7.989853858947754
160.0,22.5,5.221284866333008,34.55234146118164,8.002197265625,152.7703399658203,7.989853858947754
161.0,22.5,5.221281051635742,34.4848747253418,8.002197265625,152.82879638671875,7.989853858947754
162.0,22.5,5.221283912658691,34.41843795776367,8.002197265625,152.88841247558594,7.989853858947754
163.0,22.5,5.221270561218262,34.353050231933594,8.002197265625,152.94920349121094,7.989853858947754
164.0,22.5,5.221271514892578,34.28873062133789,8.002197265625,153.0111083984375,7.989853858947754
165.0,22.5,5.221280097961426,34.22550582885742,8.002197265625,153.07411193847656,7.989853858947754
166.0,22.5,5.22126579284668,34.163387298583984,8.002197265625,153.13824462890625,7.989853858947754
167.0,22.5,5.22127628326416,34.10239791870117,8.002197265625,153.2034149169922,7.989853858947754
168.0,22.5,5.22127628326416,34.04255676269531,8.002197265625,153.2696533203125,7.989853858947754
169.0,22.5,5.221275806427002,33.98387908935547,8.002197265625,153.33692932128906,7.989853858947754
170.0,22.5,5.2212700843811035,33.92638397216797,8.002197265625,153.4052276611328,7.989853858947754
171.0,22.5,5.22127103805542,33.870094299316406,8.002197265625,153.47450256347656,7.989853858947754
172.0,22.5,5.221272945404053,33.81501770019531,8.002197265625,153.5447540283203,7.989853858947754
173.0,22.5,5.221278190612793,33.761173248291016,8.002197265625,153.61595153808594,7.989853858947754
174.0,22.5,5.2212677001953125,33.708587646484375,8.002197265625,153.68809509277344,7.989853858947754
175.0,22.5,5.221276760101318,33.65726089477539,8.002197265625,153.76112365722656,7.989853858947754
176.0,22.5,5.221282958984375,33.60721969604492,8.002197265625,153.8350372314453,7.989853858947754
177.0,22.5,5.221272945404053,33.55847930908203,8.002197265625,153.9098358154297,7.989853858947754
178.0,22.5,5.221275329589844,33.51104736328125,8.002197265625,153.98545837402344,7.989853858947754
179.0,22.5,5.2212700843811035,33.46494674682617,8.002197265625,154.06190490722656,7.989853858947754
180.0,22.5,5.221277713775635,33.42018127441406,8.002197265625,154.13912963867188,7.989853858947754
181.0,22.5,5.221277713775635,33.376773834228516,8.002197265625,154.21713256835938,7.989853858947754
182.0,22.5,5.221275806427002,33.33473587036133,8.002197265625,154.29588317871094,7.989853858947754
183.0,22.5,5.2212724685668945,33.29407501220703,8.002197265625,154.3753662109375,7.989853858947754
184.0,22.5,5.221277236938477,33.25481033325195,8.002197265625,154.4555206298828,7.989853858947754
185.0,22.5,5.221277713775635,33.216949462890625,8.002197265625,154.53636169433594,7.989853858947754
186.0,22.5,5.221275806427002,33.180503845214844,8.002197265625,154.61785888671875,7.989853858947754
187.0,22.5,5.221277236938477,33.14548873901367,8.002197265625,154.69996643066406,7.989853858947754
188.0,22.5,5.221274375915527,33.11191177368164,8.002197265625,154.78268432617188,7.989853858947754
189.0,22.5,5.221277236938477,33.07978057861328,8.002197265625,154.865966796875,7.989853858947754
190.0,22.5,5.221277236938477,33.049110412597656,8.002197265625,154.94979858398438,7.989853858947754
191.0,22.5,5.2212724685668945,33.0199089050293,8.002197265625,155.03416442871094,7.989853858947754
192.0,22.5,5.221275329589844,32.99217987060547,8.002197265625,155.1190185546875,7.989853858947754
193.0,22.5,5.221274375915527,32.965938568115234,8.002197265625,155.204345703125,7.989853858947754
194.0,22.5,5.22127628326416,32.941192626953125,8.002197265625,155.29010009765625,7.989853858947754
195.0,22.5,5.221273422241211,32.917945861816406,8.002197265625,155.3762969970703,7.989853858947754
196.0,22.5,5.221274375915527,32.89620590209961,8.002197265625,155.46287536621094,7.989853858947754
197.0,22.5,5.221277713775635,32.875980377197266,8.002197265625,155.5498046875,7.989853858947754
198.0,22.5,5.221271514892578,32.857276916503906,8.002197265625,155.63711547851562,7.989853858947754
199.0,22.5,5.221274375915527,32.84009552001953,8.002197265625,155.72471618652344,7.989853858947754
200.0,22.5,5.221276760101318,32.82444763183594,8.002197265625,155.81259155273438,7.989853858947754
201.0,22.5,5.221275806427002,32.81033706665039,8.002197265625,155.90074157714844,7.989853858947754
202.0,22.5,5.221274375915527,32.797767639160156,8.002197265625,155.98912048339844,7.989853858947754
203.0,22.5,5.221275806427002,32.786739349365234,8.002197265625,156.0777130126953,7.989853858947754
204.0,22.5,5.221273899078369,32.77726364135742,8.002197265625,156.16647338867188,7.989853858947754
205.0,22.5,5.221277713775635,32.76933288574219,8.002197265625,156.25537109375,7.989853858947754
206.0,22.5,5.22127628326416,32.76295852661133,8.002197265625,156.34442138671875,7.989853858947754
207.0,22.5,5.221274375915527,32.758140563964844,8.002197265625,156.43356323242188,7.989853858947754
208.0,22.5,5.221276760101318,32.75487518310547,8.002197265625,156.5227508544922,7.989853858947754
209.0,22.5,5.221275329589844,32.753170013427734,8.002197265625,156.6120147705078,7.989853858947754
210.0,22.5,5.221275806427002,32.753021240234375,8.002197265625,156.70127868652344,7.989853858947754
211.0,22.5,5.221278190612793,32.75442886352539,8.002197265625,156.79054260253906,7.989853858947754
212.0,22.5,5.221277236938477,32.75739669799805,8.002197265625,156.8797607421875,7.989853858947754
213.0,22.5,5.221277236938477,32.76192092895508,8.002197265625,156.9689178466797,7.989853858947754
214.0,22.5,5.221275806427002,32.768001556396484,8.002197265625,157.0579833984375,7.989853858947754
215.0,22.5,5.221274375915527,32.775634765625,8.002197265625,157.14691162109375,7.989853858947754
216.0,22.5,5.221275806427002,32.78481674194336,8.002197265625,157.23570251464844,7.989853858947754
217.0,22.5,5.22127628326416,32.79554748535156,8.002197265625,157.32432556152344,7.989853858947754
218.0,22.5,5.221274375915527,32.80782699584961,8.002197265625,157.41275024414062,7.989853858947754
219.0,22.5,5.221276760101318,32.8216438293457,8.002197265625,157.50094604492188,7.989853858947754
220.0,22.5,5.221277236938477,32.836997985839844,8.002197265625,157.58888244628906,7.989853858947754
221.0,22.5,5.221275806427002,32.853885650634766,8.002197265625,157.67652893066406,7.989853858947754
222.0,22.5,5.221278667449951,32.87229919433594,8.002197265625,157.76388549804688,7.989853858947754
223.0,22.5,5.221274375915527,32.89223861694336,8.002197265625,157.85089111328125,7.989853858947754
224.0,22.5,5.221272945404053,32.913692474365234,8.002197265625,157.9375457763672,7.989853858947754
225.0,22.5,5.2212748527526855,32.936649322509766,8.002197265625,158.0238037109375,7.989853858947754
226.0,22.5,5.221276760101318,32.96111297607422,8.002197265625,158.1096649169922,7.989853858947754
227.0,22.5,5.221278190612793,32.9870719909668,8.002197265625,158.19508361816406,7.989853858947754
228.0,22.5,5.221275329589844,33.0145149230957,8.002197265625,158.28001403808594,7.989853858947754
229.0,22.5,5.22127628326416,33.04343795776367,8.002197265625,158.36447143554688,7.989853858947754
230.0,22.5,5.221277713775635,33.073829650878906,8.002197265625,158.4484100341797,7.989853858947754
231.0,22.5,5.22127628326416,33.105682373046875,8.002197265625,158.53179931640625,7.989853858947754
232.0,22.5,5.221277236938477,33.13898468017578,8.002197265625,158.6146240234375,7.989853858947754
233.0,22.5,5.221280097961426,33.17372512817383,8.002197265625,158.6968536376953,7.989853858947754
234.0,22.5,5.221275806427002,33.20989990234375,8.002197265625,158.77845764160156,7.989853858947754
235.0,22.5,5.2212724685668945,33.247493743896484,8.002197265625,158.8594207763672,7.989853858947754
236.0,22.5,5.221277236938477,33.28649139404297,8.002197265625,158.93972778320312,7.989853858947754
237.0,22.5,5.2212748527526855,33.32688903808594,8.002197265625,159.0193328857422,7.989853858947754
238.0,22.5,5.221276760101318,33.3686637878418,8.002197265625,159.0982208251953,7.989853858947754
239.0,22.5,5.221281051635742,33.41181182861328,8.002197265625,159.17637634277344,7.989853858947754
240.0,22.5,5.221278190612793,33.45631790161133,8.002197265625,159.25375366210938,7.989853858947754
241.0,22.5,5.221281051635742,33.502166748046875,8.002197265625,159.33035278320312,7.989853858947754
242.0,22.5,5.22127628326416,33.549346923828125,8.002197265625,159.4061279296875,7.989853858947754
243.0,22.5,5.221277236938477,33.597843170166016,8.002197265625,159.4810791015625,7.989853858947754
244.0,22.5,5.221274375915527,33.64763641357422,8.002197265625,159.55516052246094,7.989853858947754
245.0,22.5,5.221277236938477,33.69871520996094,8.002197265625,159.6283721923828,7.989853858947754
246.0,22.5,5.221269607543945,33.751068115234375,8.002197265625,159.70066833496094,7.989853858947754
247.0,22.5,5.221269130706787,33.80467224121094,8.002197265625,159.7720489501953,7.989853858947754
248.0,22.5,5.221278667449951,33.85951232910156,8.002197265625,159.84249877929688,7.989853858947754
249.0,22.5,5.221271514892578,33.91557693481445,8.002197265625,159.91195678710938,7.989853858947754
250.0,22.5,5.221283912658691,33.972843170166016,8.002197265625,159.98045349121094,7.989853858947754
251.0,22.5,5.221277713775635,34.03129577636719,8.002197265625,160.04791259765625,7.989853858947754
252.0,22.5,5.221278190612793,34.09091567993164,8.002197265625,160.11434936523438,7.989853858947754
253.0,22.5,5.221275806427002,34.15168762207031,8.002197265625,160.1797332763672,7.989853858947754
254.0,22.5,5.221274375915527,34.213592529296875,8.002197265625,160.24404907226562,7.989853858947754
255.0,22.5,5.221277236938477,34.276611328125,8.002197265625,160.30728149414062,7.989853858947754
256.0,22.5,5.221278667449951,34.340721130371094,8.002197265625,160.36940002441406,7.989853858947754
257.0,22.5,5.2212677001953125,34.405906677246094,8.002197265625,160.4303741455078,7.989853858947754
258.0,22.5,5.221282005310059,34.472145080566406,8.002197265625,160.490234375,7.989853858947754
259.0,22.5,5.221286773681641,34.53942108154297,8.002197265625,160.54891967773438,7.989853858947754
260.0,22.5,5.221277236938477,34.60770797729492,8.002197265625,160.6063995361328,7.989853858947754
261.0,22.5,5.221275329589844,34.67698669433594,8.002197265625,160.66268920898438,7.989853858947754
262.0,22.5,5.221281051635742,34.74724197387695,8.002197265625,160.7177734375,7.989853858947754
263.0,22.5,5.221275329589844,34.818443298339844,8.002197265625,160.7716064453125,7.989853858947754
264.0,22.5,5.221281051635742,34.89057540893555,8.002197265625,160.82420349121094,7.989853858947754
265.0,22.5,5.221273422241211,34.96361541748047,8.002197265625,160.87551879882812,7.989853858947754
266.0,22.5,5.221279144287109,35.037540435791016,8.002197265625,160.92556762695312,7.989853858947754
267.0,22.5,5.2212748527526855,35.11232376098633,8.002197265625,160.97430419921875,7.989853858947754
268.0,22.5,5.221269607543945,35.187950134277344,8.002197265625,161.021728515625,7.989853858947754
269.0,22.5,5.221288204193115,35.2643928527832,8.002197265625,161.06785583496094,7.989853858947754
270.0,22.5,5.221282482147217,35.34162521362305,8.002197265625,161.11260986328125,7.989853858947754
271.0,22.5,5.2212724685668945,35.41962814331055,8.002197265625,161.156005859375,7.989853858947754
272.0,22.5,5.221270561218262,35.49837875366211,8.002197265625,161.1980438232422,7.989853858947754
273.0,22.5,5.221275329589844,35.577850341796875,8.002197265625,161.23870849609375,7.989853858947754
274.0,22.5,5.221271514892578,35.658016204833984,8.002197265625,161.27796936035156,7.989853858947754
275.0,22.5,5.221267223358154,35.738861083984375,8.002197265625,161.31582641601562,7.989853858947754
276.0,22.5,5.221261978149414,35.820350646972656,8.002197265625,161.35226440429688,7.989853858947754
277.0,22.5,5.221279144287109,35.902462005615234,8.002197265625,161.38729858398438,7.989853858947754
278.0,22.5,5.221270561218262,35.98517608642578,8.002197265625,161.42086791992188,7.989853858947754
279.0,22.5,5.221277236938477,36.068458557128906,8.002197265625,161.4530029296875,7.989853858947754
280.0,22.5,5.221261978149414,36.15229415893555,8.002197265625,161.48365783691406,7.989853858947754
281.0,22.5,5.221277236938477,36.23665237426758,8.002197265625,161.51287841796875,7.989853858947754
282.0,22.5,5.221278667449951,36.32149887084961,8.002197265625,161.5406036376953,7.989853858947754
283.0,22.5,5.221281051635742,36.40682601928711,8.002197265625,161.5668487548828,7.989853858947754
284.0,22.5,5.221282482147217,36.49259567260742,8.002197265625,161.5915985107422,7.989853858947754
285.0,22.5,5.2212748527526855,36.57878112792969,8.002197265625,161.61483764648438,7.989853858947754
286.0,22.5,5.221279144287109,36.66535949707031,8.002197265625,161.63658142089844,7.989853858947754
287.0,22.5,5.221286296844482,36.7523078918457,8.002197265625,161.6568145751953,7.989853858947754
288.0,22.5,5.221273422241211,36.839595794677734,8.002197265625,161.67550659179688,7.989853858947754
289.0,22.5,5.221261501312256,36.92719650268555,8.002197265625,161.6926727294922,7.989853858947754
290.0,22.5,5.22128438949585,37.015079498291016,8.002197265625,161.70834350585938,7.989853858947754
291.0,22.5,5.221287727355957,37.10322570800781,8.002197265625,161.7224578857422,7.989853858947754
292.0,22.5,5.221275329589844,37.19160461425781,8.002197265625,161.73501586914062,7.989853858947754
293.0,22.5,5.22126579284668,37.280189514160156,8.002197265625,161.74603271484375,7.989853858947754
294.0,22.5,5.221263408660889,37.368953704833984,8.002197265625,161.75550842285156,7.989853858947754
295.0,22.5,5.221284866333008,37.45787048339844,8.002197265625,161.76345825195312,7.989853858947754
296.0,22.5,5.221272945404053,37.546905517578125,8.002197265625,161.7698211669922,7.989853858947754
297.0,22.5,5.221274375915527,37.63604736328125,8.002197265625,161.77464294433594,7.989853858947754
298.0,22.5,5.22127628326416,37.725257873535156,8.002197265625,161.7779083251953,7.989853858947754
299.0,22.5,5.221279144287109,37.81450653076172,8.002197265625,161.7796173095703,7.989853858947754
300.0,22.5,5.221268177032471,37.90377426147461,8.002197265625,161.77975463867188,7.989853858947754
301.0,22.5,5.221273899078369,37.9930305480957,8.002197265625,161.77835083007812,7.989853858947754
302.0,22.5,5.22126579284668,38.08224868774414,8.002197265625,161.77537536621094,7.989853858947754
303.0,22.5,5.221272945404053,38.17140197753906,8.002197265625,161.77085876464844,7.989853858947754
304.0,22.5,5.221263885498047,38.26046371459961,8.002197265625,161.7647705078125,7.989853858947754
305.0,22.5,5.221266746520996,38.34940719604492,8.002197265625,161.75714111328125,7.989853858947754
306.0,22.5,5.221279144287109,38.43819808959961,8.002197265625,161.7479705810547,7.989853858947754
307.0,22.5,5.22128438949585,38.52682113647461,8.002197265625,161.73724365234375,7.989853858947754
308.0,22.5,5.221278190612793,38.61524200439453,8.002197265625,161.72496032714844,7.989853858947754
309.0,22.5,5.221271514892578,38.70343017578125,8.002197265625,161.7111358642578,7.989853858947754
310.0,22.5,5.22127628326416,38.79136657714844,8.002197265625,161.69578552246094,7.989853858947754
311.0,22.5,5.221271514892578,38.87902069091797,8.002197265625,161.67889404296875,7.989853858947754
312.0,22.5,5.2212700843811035,38.966373443603516,8.002197265625,161.6604766845703,7.989853858947754
313.0,22.5,5.221278190612793,39.05338668823242,8.002197265625,161.6405487060547,7.989853858947754
314.0,22.5,5.22127628326416,39.140037536621094,8.002197265625,161.6190948486328,7.989853858947754
315.0,22.5,5.2212724685668945,39.22629928588867,8.002197265625,161.59613037109375,7.989853858947754
316.0,22.5,5.221275806427002,39.31215286254883,8.002197265625,161.57167053222656,7.989853858947754
317.0,22.5,5.221278667449951,39.39756393432617,8.002197265625,161.54571533203125,7.989853858947754
318.0,22.5,5.221272945404053,39.48250961303711,8.002197265625,161.5182647705078,7.989853858947754
319.0,22.5,5.221278190612793,39.566959381103516,8.002197265625,161.48934936523438,7.989853858947754
320.0,22.5,5.2212748527526855,39.65089416503906,8.002197265625,161.45895385742188,7.989853858947754
321.0,22.5,5.221282005310059,39.73428726196289,8.002197265625,161.42710876464844,7.989853858947754
322.0,22.5,5.221275806427002,39.81711196899414,8.002197265625,161.393798828125,7.989853858947754
323.0,22.5,5.221275329589844,39.89934158325195,8.002197265625,161.3590545654297,7.989853858947754
324.0,22.5,5.221270561218262,39.980953216552734,8.002197265625,161.3228759765625,7.989853858947754
325.0,22.5,5.221277236938477,40.06191635131836,8.002197265625,161.28529357910156,7.989853858947754
326.0,22.5,5.221275329589844,40.142215728759766,8.002197265625,161.2462921142578,7.989853858947754
327.0,22.5,5.2212677001953125,40.221824645996094,8.002197265625,161.2058868408203,7.989853858947754
328.0,22.5,5.221278667449951,40.30070877075195,8.002197265625,161.16412353515625,7.989853858947754
329.0,22.5,5.221277236938477,40.37886047363281,8.002197265625,161.1209716796875,7.989853858947754
330.0,22.5,5.221272945404053,40.456241607666016,8.002197265625,161.0764617919922,7.989853858947754
331.0,22.5,5.221283912658691,40.5328369140625,8.002197265625,161.03062438964844,7.989853858947754
332.0,22.5,5.221268653869629,40.60861587524414,8.002197265625,160.98342895507812,7.989853858947754
333.0,22.5,5.2212700843811035,40.683563232421875,8.002197265625,160.9349365234375,7.989853858947754
334.0,22.5,5.221289157867432,40.75765609741211,8.002197265625,160.88516235351562,7.989853858947754
335.0,22.5,5.221269130706787,40.83086013793945,8.002197265625,160.8340606689453,7.989853858947754
336.0,22.5,5.2212677001953125,40.903167724609375,8.002197265625,160.78170776367188,7.989853858947754
337.0,22.5,5.221282005310059,40.974552154541016,8.002197265625,160.72811889648438,7.989853858947754
338.0,22.5,5.221282005310059,41.044986724853516,8.002197265625,160.67327880859375,7.989853858947754
339.0,22.5,5.22127103805542,41.11445236206055,8.002197265625,160.61720275878906,7.989853858947754
340.0,22.5,5.221284866333008,41.18293380737305,8.002197265625,160.55995178222656,7.989853858947754
341.0,22.5,5.221281051635742,41.25040054321289,8.002197265625,160.50149536132812,7.989853858947754
342.0,22.5,5.2212724685668945,41.316837310791016,8.002197265625,160.44186401367188,7.989853858947754
343.0,22.5,5.221281051635742,41.382225036621094,8.002197265625,160.381103515625,7.989853858947754
344.0,22.5,5.221280097961426,41.44654083251953,8.002197265625,160.31919860839844,7.989853858947754
345.0,22.5,5.221280097961426,41.509769439697266,8.002197265625,160.2561798095703,7.989853858947754
346.0,22.5,5.22126579284668,41.5718879699707,8.002197265625,160.19204711914062,7.989853858947754
347.0,22.5,5.22127628326416,41.632877349853516,8.002197265625,160.1268768310547,7.989853858947754
348.0,22.5,5.22127628326416,41.692718505859375,8.002197265625,160.06063842773438,7.989853858947754
349.0,22.5,5.221275329589844,41.75139617919922,8.002197265625,159.9933624267578,7.989853858947754
350.0,22.5,5.221266746520996,41.80888748168945,8.002197265625,159.92506408691406,7.989853858947754
351.0,22.5,5.221273899078369,41.86518478393555,8.002197265625,159.8557891845703,7.989853858947754
352.0,22.5,5.2212724685668945,41.920257568359375,8.002197265625,159.78553771972656,7.989853858947754
353.0,22.5,5.221275329589844,41.974098205566406,8.002197265625,159.71434020996094,7.989853858947754
354.0,22.5,5.2212677001953125,42.02668762207031,8.002197265625,159.64219665527344,7.989853858947754
355.0,22.5,5.221273422241211,42.07801055908203,8.002197265625,159.5691680908203,7.989853858947754
356.0,22.5,5.221279144287109,42.1280517578125,8.002197265625,159.49525451660156,7.989853858947754
357.0,22.5,5.221275806427002,42.17679977416992,8.002197265625,159.4204559326172,7.989853858947754
358.0,22.5,5.221275329589844,42.22422790527344,8.002197265625,159.34483337402344,7.989853858947754
359.0,22.5,5.221273422241211,42.27033233642578,8.002197265625,159.2683868408203,7.989853858947754
0.0,16.875,6.8770294189453125,43.72545623779297,8.002197265625,160.1116485595703,7.989853858947754
1.0,16.875,6.877032279968262,43.78471374511719,8.002197265625,160.00889587402344,7.989853858947754
2.0,16.875,6.87702751159668,43.84217071533203,8.002197265625,159.9051055908203,7.989853858947754
3.0,16.875,6.877024173736572,43.897804260253906,8.002197265625,159.8003387451172,7.989853858947754
4.0,16.875,6.877030372619629,43.95160675048828,8.002197265625,159.6946258544922,7.989853858947754
5.0,16.875,6.877028942108154,44.0035514831543,8.002197265625,159.58798217773438,7.989853858947754
6.0,16.875,6.87703275680542,44.05362319946289,8.002197265625,159.48046875,7.989853858947754
7.0,16.875,6.877031326293945,44.1018180847168,8.002197265625,159.3720703125,7.989853858947754
8.0,16.875,6.877032279968262,44.148109436035156,8.002197265625,159.2628631591797,7.989853858947754
9.0,16.875,6.877034664154053,44.19248962402344,8.002197265625,159.15286254882812,7.989853858947754
10.0,16.875,6.8770294189453125,44.23494338989258,8.002197265625,159.04208374023438,7.989853858947754
11.0,16.875,6.877035140991211,44.275455474853516,8.002197265625,158.9306182861328,7.989853858947754
12.0,16.875,6.8770294189453125,44.31401824951172,8.002197265625,158.81842041015625,7.989853858947754
13.0,16.875,6.877032279968262,44.350616455078125,8.002197265625,158.70559692382812,7.989853858947754
14.0,16.875,6.877027988433838,44.38523864746094,8.002197265625,158.59213256835938,7.989853858947754
15.0,16.875,6.877032279968262,44.417877197265625,8.002197265625,158.4781036376953,7.989853858947754
16.0,16.875,6.87703275680542,44.44852066040039,8.002197265625,158.36351013183594,7.989853858947754
17.0,16.875,6.877030849456787,44.47715759277344,8.002197265625,158.24839782714844,7.989853858947754
18.0,16.875,6.877031326293945,44.5037841796875,8.002197265625,158.13279724121094,7.989853858947754
19.0,16.875,6.877035140991211,44.52838897705078,8.002197265625,158.0167694091797,7.989853858947754
20.0,16.875,6.877028465270996,44.550960540771484,8.002197265625,157.90029907226562,7.989853858947754
21.0,16.875,6.877033233642578,44.571502685546875,8.002197265625,157.78347778320312,7.989853858947754
22.0,16.875,6.877033710479736,44.59000015258789,8.002197265625,157.6663055419922,7.989853858947754
23.0,16.875,6.8770318031311035,44.6064453125,8.002197265625,157.54884338378906,7.989853858947754
24.0,16.875,6.877030849456787,44.62084197998047,8.002197265625,157.43109130859375,7.989853858947754
25.0,16.875,6.877032279968262,44.633182525634766,8.002197265625,157.3131103515625,7.989853858947754
26.0,16.875,6.877030372619629,44.64345932006836,8.002197265625,157.19493103027344,7.989853858947754
27.0,16.875,6.877030372619629,44.65167236328125,8.002197265625,157.0766143798828,7.989853858947754
28.0,16.875,6.877027988433838,44.65781784057617,8.002197265625,156.95814514160156,7.989853858947754
29.0,16.875,6.877030372619629,44.66189956665039,8.002197265625,156.839599609375,7.989853858947754
30.0,16.875,6.8770341873168945,44.66391372680664,8.002197265625,156.7209930419922,7.989853858947754
31.0,16.875,6.877029895782471,44.663848876953125,8.002197265625,156.60238647460938,7.989853858947754
32.0,16.875,6.8770318031311035,44.661720275878906,8.002197265625,156.48377990722656,7.989853858947754
33.0,16.875,6.87703275680542,44.65752029418945,8.002197265625,156.36521911621094,7.989853858947754
34.0,16.875,6.87703275680542,44.65125274658203,8.002197265625,156.2467803955078,7.989853858947754
35.0,16.875,6.877032279968262,44.64291763305664,8.002197265625,156.12844848632812,7.989853858947754
36.0,16.875,6.87702751159668,44.63251495361328,8.002197265625,156.0102996826172,7.989853858947754
37.0,16.875,6.877027988433838,44.62005615234375,8.002197265625,155.892333984375,7.989853858947754
38.0,16.875,6.8770294189453125,44.60554122924805,8.002197265625,155.77459716796875,7.989853858947754
39.0,16.875,6.87702751159668,44.58897018432617,8.002197265625,155.65713500976562,7.989853858947754
40.0,16.875,6.877030372619629,44.57035827636719,8.002197265625,155.5399932861328,7.989853858947754
41.0,16.875,6.877030372619629,44.54969787597656,8.002197265625,155.4231719970703,7.989853858947754
42.0,16.875,6.877032279968262,44.527008056640625,8.002197265625,155.30674743652344,7.989853858947754
43.0,16.875,6.877030849456787,44.50228500366211,8.002197265625,155.19073486328125,7.989853858947754
44.0,16.875,6.877033233642578,44.47554397583008,8.002197265625,155.07516479492188,7.989853858947754
45.0,16.875,6.877033233642578,44.4467887878418,8.002197265625,154.9600830078125,7.989853858947754
46.0,16.875,6.877034664154053,44.41603088378906,8.002197265625,154.84552001953125,7.989853858947754
47.0,16.875,6.877029895782471,44.38327407836914,8.002197265625,154.7315216064453,7.989853858947754
48.0,16.875,6.8770318031311035,44.34853744506836,8.002197265625,154.61810302734375,7.989853858947754
49.0,16.875,6.877030849456787,44.311824798583984,8.002197265625,154.50531005859375,7.989853858947754
50.0,16.875,6.877025604248047,44.27314376831055,8.002197265625,154.39317321777344,7.989853858947754
51.0,16.875,6.877027988433838,44.23251724243164,8.002197265625,154.28172302246094,7.989853858947754
52.0,16.875,6.8770341873168945,44.1899528503418,8.002197265625,154.17098999023438,7.989853858947754
53.0,16.875,6.87702751159668,44.14546203613281,8.002197265625,154.06105041503906,7.989853858947754
54.0,16.875,6.877030372619629,44.099056243896484,8.002197265625,153.95187377929688,7.989853858947754
55.0,16.875,6.87703275680542,44.050758361816406,8.002197265625,153.84353637695312,7.989853858947754
56.0,16.875,6.877033233642578,44.000572204589844,8.002197265625,153.73605346679688,7.989853858947754
57.0,16.875,6.877035617828369,43.948516845703125,8.002197265625,153.62945556640625,7.989853858947754
58.0,16.875,6.8770318031311035,43.89461135864258,8.002197265625,153.5238037109375,7.989853858947754
59.0,16.875,6.877028465270996,43.8388671875,8.002197265625,153.41909790039062,7.989853858947754
60.0,16.875,6.877035140991211,43.781307220458984,8.002197265625,153.31536865234375,7.989853858947754
61.0,16.875,6.8770341873168945,43.721946716308594,8.002197265625,153.21267700195312,7.989853858947754
62.0,16.875,6.8770294189453125,43.66080093383789,8.002197265625,153.1110382080078,7.989853858947754
63.0,16.875,6.877023696899414,43.5978889465332,8.002197265625,153.01048278808594,7.989853858947754
64.0,16.875,6.877030372619629,43.53323745727539,8.002197265625,152.91102600097656,7.989853858947754
65.0,16.875,6.8770294189453125,43.46685028076172,8.002197265625,152.81271362304688,7.989853858947754
66.0,16.875,6.877037048339844,43.39876937866211,8.002197265625,152.715576171875,7.989853858947754
67.0,16.875,6.877036094665527,43.32899475097656,8.002197265625,152.61964416503906,7.989853858947754
68.0,16.875,6.8770246505737305,43.2575569152832,8.002197265625,152.52496337890625,7.989853858947754
69.0,16.875,6.877031326293945,43.18448257446289,8.002197265625,152.4315185546875,7.989853858947754
70.0,16.875,6.8770294189453125,43.10978317260742,8.002197265625,152.33937072753906,7.989853858947754
71.0,16.875,6.877033710479736,43.03348922729492,8.002197265625,152.24853515625,7.989853858947754
72.0,16.875,6.877030372619629,42.955623626708984,8.002197265625,152.1590576171875,7.989853858947754
73.0,16.875,6.8770246505737305,42.87620544433594,8.002197265625,152.07095336914062,7.989853858947754
74.0,16.875,6.8770365715026855,42.79526138305664,8.002197265625,151.98422241210938,7.989853858947754
75.0,16.875,6.877023696899414,42.71281814575195,8.002197265625,151.89895629882812,7.989853858947754
76.0,16.875,6.877032279968262,42.62889862060547,8.002197265625,151.8151092529297,7.989853858947754
77.0,16.875,6.8770270347595215,42.54352569580078,8.002197265625,151.73275756835938,7.989853858947754
78.0,16.875,6.87703275680542,42.45673751831055,8.002197265625,151.6519012451172,7.989853858947754
79.0,16.875,6.877023696899414,42.36854553222656,8.002197265625,151.5725860595703,7.989853858947754
80.0,16.875,6.8770318031311035,42.27898025512695,8.002197265625,151.4947967529297,7.989853858947754
81.0,16.875,6.877020835876465,42.188072204589844,8.002197265625,151.41860961914062,7.989853858947754
82.0,16.875,6.8770294189453125,42.095848083496094,8.002197265625,151.343994140625,7.989853858947754
83.0,16.875,6.877030849456787,42.00233840942383,8.002197265625,151.27101135253906,7.989853858947754
84.0,16.875,6.877026081085205,41.90756607055664,8.002197265625,151.19967651367188,7.989853858947754
85.0,16.875,6.877038955688477,41.81156921386719,8.002197265625,151.12998962402344,7.989853858947754
86.0,16.875,6.877030849456787,41.7143669128418,8.002197265625,151.06201171875,7.989853858947754
87.0,16.875,6.877033710479736,41.61599349975586,8.002197265625,150.9957275390625,7.989853858947754
88.0,16.875,6.877037048339844,41.516475677490234,8.002197265625,150.93116760253906,7.989853858947754
89.0,16.875,6.877023696899414,41.41585159301758,8.002197265625,150.86837768554688,7.989853858947754
90.0,16.875,6.8770294189453125,41.31414031982422,8.002197265625,150.8073272705078,7.989853858947754
91.0,16.875,6.877034664154053,41.21138000488281,8.002197265625,150.74806213378906,7.989853858947754
92.0,16.875,6.877030372619629,41.10760498046875,8.002197265625,150.69061279296875,7.989853858947754
93.0,16.875,6.877044200897217,41.002845764160156,8.002197265625,150.6349639892578,7.989853858947754
94.0,16.875,6.877033233642578,40.897125244140625,8.002197265625,150.5811767578125,7.989853858947754
95.0,16.875,6.877030372619629,40.79048538208008,8.002197265625,150.52923583984375,7.989853858947754
96.0,16.875,6.877031326293945,40.68294906616211,8.002197265625,150.47915649414062,7.989853858947754
97.0,16.875,6.877041816711426,40.574562072753906,8.002197265625,150.4309539794922,7.989853858947754
98.0,16.875,6.8770432472229,40.46534729003906,8.002197265625,150.38465881347656,7.989853858947754
99.0,16.875,6.877024173736572,40.3553466796875,8.002197265625,150.34030151367188,7.989853858947754
100.0,16.875,6.8770341873168945,40.24457931518555,8.002197265625,150.29783630371094,7.989853858947754
101.0,16.875,6.877033233642578,40.133094787597656,8.002197265625,150.25732421875,7.989853858947754
102.0,16.875,6.877031326293945,40.02091979980469,8.002197265625,150.21876525878906,7.989853858947754
103.0,16.875,6.877037048339844,39.9080810546875,8.002197265625,150.18215942382812,7.989853858947754
104.0,16.875,6.8770365715026855,39.79462814331055,8.002197265625,150.1475372314453,7.989853858947754
105.0,16.875,6.877037525177002,39.68058776855469,8.002197265625,150.11489868164062,7.989853858947754
106.0,16.875,6.8770341873168945,39.56599426269531,8.002197265625,150.08425903320312,7.989853858947754
107.0,16.875,6.877021789550781,39.45088195800781,8.002197265625,150.05563354492188,7.989853858947754
108.0,16.875,6.877024173736572,39.33529281616211,8.002197265625,150.0290069580078,7.989853858947754
109.0,16.875,6.87703275680542,39.2192497253418,8.002197265625,150.00439453125,7.989853858947754
110.0,16.875,6.877026081085205,39.10279846191406,8.002197265625,149.98182678222656,7.989853858947754
111.0,16.875,6.877025604248047,38.98596954345703,8.002197265625,149.96128845214844,7.989853858947754
112.0,16.875,6.877022743225098,38.86880111694336,8.002197265625,149.9427947998047,7.989853858947754
113.0,16.875,6.877038478851318,38.75132751464844,8.002197265625,149.92633056640625,7.989853858947754
114.0,16.875,6.877031326293945,38.63358688354492,8.002197265625,149.9119415283203,7.989853858947754
115.0,16.875,6.877021789550781,38.51560974121094,8.002197265625,149.8996124267578,7.989853858947754
116.0,16.875,6.87702751159668,38.39743423461914,8.002197265625,149.8893280029297,7.989853858947754
117.0,16.875,6.877037525177002,38.27910232543945,8.002197265625,149.881103515625,7.989853858947754
118.0,16.875,6.877023696899414,38.16063690185547,8.002197265625,149.87496948242188,7.989853858947754
119.0,16.875,6.877033710479736,38.04208755493164,8.002197265625,149.87088012695312,7.989853858947754
120.0,16.875,6.877023696899414,37.923484802246094,8.002197265625,149.86888122558594,7.989853858947754
121.0,16.875,6.877037525177002,37.80487060546875,8.002197265625,149.86892700195312,7.989853858947754
122.0,16.875,6.8770318031311035,37.6862678527832,8.002197265625,149.87106323242188,7.989853858947754
123.0,16.875,6.877021312713623,37.56772232055664,8.002197265625,149.87527465820312,7.989853858947754
124.0,16.875,6.87703275680542,37.44926834106445,8.002197265625,149.88153076171875,7.989853858947754
125.0,16.875,6.8770365715026855,37.330936431884766,8.002197265625,149.88986206054688,7.989853858947754
126.0,16.875,6.877028465270996,37.21277618408203,8.002197265625,149.9002685546875,7.989853858947754
127.0,16.875,6.8770365715026855,37.094810485839844,8.002197265625,149.9127197265625,7.989853858947754
128.0,16.875,6.877026557922363,36.97708511352539,8.002197265625,149.92724609375,7.989853858947754
129.0,16.875,6.87703800201416,36.8596305847168,8.002197265625,149.9438018798828,7.989853858947754
130.0,16.875,6.877024173736572,36.74247741699219,8.002197265625,149.96243286132812,7.989853858947754
131.0,16.875,6.8770365715026855,36.625667572021484,8.002197265625,149.9830780029297,7.989853858947754
132.0,16.875,6.877024173736572,36.50924301147461,8.002197265625,150.0057830810547,7.989853858947754
133.0,16.875,6.8770270347595215,36.393226623535156,8.002197265625,150.03050231933594,7.989853858947754
134.0,16.875,6.877035140991211,36.27766036987305,8.002197265625,150.05723571777344,7.989853858947754
135.0,16.875,6.877028465270996,36.16257858276367,8.002197265625,150.08599853515625,7.989853858947754
136.0,16.875,6.877041339874268,36.04801559448242,8.002197265625,150.1167449951172,7.989853858947754
137.0,16.875,6.8770341873168945,35.93400955200195,8.002197265625,150.14950561523438,7.989853858947754
138.0,16.875,6.877029895782471,35.820587158203125,8.002197265625,150.1842498779297,7.989853858947754
139.0,16.875,6.877029895782471,35.707794189453125,8.002197265625,150.22096252441406,7.989853858947754
140.0,16.875,6.8770246505737305,35.59565734863281,8.002197265625,150.2596435546875,7.989853858947754
141.0,16.875,6.87703275680542,35.48421096801758,8.002197265625,150.30026245117188,7.989853858947754
142.0,16.875,6.877041816711426,35.37348937988281,8.002197265625,150.3428192138672,7.989853858947754
143.0,16.875,6.8770246505737305,35.26353073120117,8.002197265625,150.3873291015625,7.989853858947754
144.0,16.875,6.87702751159668,35.154361724853516,8.002197265625,150.43373107910156,7.989853858947754
145.0,16.875,6.8770341873168945,35.046024322509766,8.002197265625,150.48202514648438,7.989853858947754
146.0,16.875,6.877019882202148,34.93854522705078,8.002197265625,150.5322265625,7.989853858947754
147.0,16.875,6.877025127410889,34.83195495605469,8.002197265625,150.5842742919922,7.989853858947754
148.0,16.875,6.877036094665527,34.72629165649414,8.002197265625,150.63816833496094,7.989853858947754
149.0,16.875,6.877023696899414,34.621585845947266,8.002197265625,150.6939239501953,7.989853858947754
150.0,16.875,6.877027988433838,34.51786804199219,8.002197265625,150.75148010253906,7.989853858947754
151.0,16.875,6.877033233642578,34.41516876220703,8.002197265625,150.8108367919922,7.989853858947754
152.0,16.875,6.877035140991211,34.31352615356445,8.002197265625,150.87197875976562,7.989853858947754
153.0,16.875,6.877033233642578,34.21296310424805,8.002197265625,150.9348907470703,7.989853858947754
154.0,16.875,6.877025604248047,34.11351013183594,8.002197265625,150.9995574951172,7.989853858947754
155.0,16.875,6.877028942108154,34.01520538330078,8.002197265625,151.06593322753906,7.989853858947754
156.0,16.875,6.877031326293945,33.91807174682617,8.002197265625,151.13401794433594,7.989853858947754
157.0,16.875,6.87702751159668,33.822139739990234,8.002197265625,151.20379638671875,7.989853858947754
158.0,16.875,6.877033710479736,33.72744369506836,8.002197265625,151.2752227783203,7.989853858947754
159.0,16.875,6.877023696899414,33.63400650024414,8.002197265625,151.3483123779297,7.989853858947754
160.0,16.875,6.877028465270996,33.5418586730957,8.002197265625,151.42300415039062,7.989853858947754
161.0,16.875,6.877028465270996,33.45103073120117,8.002197265625,151.49929809570312,7.989853858947754
162.0,16.875,6.877029895782471,33.36154556274414,8.002197265625,151.57716369628906,7.989853858947754
163.0,16.875,6.87703800201416,33.273433685302734,8.002197265625,151.6565704345703,7.989853858947754
164.0,16.875,6.877032279968262,33.18672561645508,8.002197265625,151.73751831054688,7.989853858947754
165.0,16.875,6.8770341873168945,33.101436614990234,8.002197265625,151.81996154785156,7.989853858947754
166.0,16.875,6.877032279968262,33.017601013183594,8.002197265625,151.9038848876953,7.989853858947754
167.0,16.875,6.8770294189453125,32.935245513916016,8.002197265625,151.9892578125,7.989853858947754
168.0,16.875,6.877029895782471,32.854393005371094,8.002197265625,152.0760498046875,7.989853858947754
169.0,16.875,6.87702751159668,32.77506637573242,8.002197265625,152.16424560546875,7.989853858947754
170.0,16.875,6.8770341873168945,32.697288513183594,8.002197265625,152.25379943847656,7.989853858947754
171.0,16.875,6.877029895782471,32.621089935302734,8.002197265625,152.34471130371094,7.989853858947754
172.0,16.875,6.877029895782471,32.546485900878906,8.002197265625,152.4369354248047,7.989853858947754
173.0,16.875,6.877024173736572,32.47350311279297,8.002197265625,152.53045654296875,7.989853858947754
174.0,16.875,6.877034664154053,32.40216064453125,8.002197265625,152.62521362304688,7.989853858947754
175.0,16.875,6.877037525177002,32.332489013671875,8.002197265625,152.72120666503906,7.989853858947754
176.0,16.875,6.877040386199951,32.26449966430664,8.002197265625,152.8184051513672,7.989853858947754
177.0,16.875,6.877032279968262,32.198219299316406,8.002197265625,152.9167938232422,7.989853858947754
178.0,16.875,6.8770318031311035,32.133663177490234,8.002197265625,153.0163116455078,7.989853858947754
179.0,16.875,6.87702751159668,32.070858001708984,8.002197265625,153.116943359375,7.989853858947754
180.0,16.875,6.877025604248047,32.00981521606445,8.002197265625,153.21865844726562,7.989853858947754
181.0,16.875,6.877033710479736,31.950559616088867,8.002197265625,153.32139587402344,7.989853858947754
182.0,16.875,6.877028465270996,31.893102645874023,8.002197265625,153.42518615722656,7.989853858947754
183.0,16.875,6.87702751159668,31.837467193603516,8.002197265625,153.5299530029297,7.989853858947754
184.0,16.875,6.877030372619629,31.783668518066406,8.002197265625,153.6356658935547,7.989853858947754
185.0,16.875,6.877028942108154,31.73172378540039,8.002197265625,153.7423095703125,7.989853858947754
186.0,16.875,6.87703800201416,31.6816463470459,8.002197265625,153.84982299804688,7.989853858947754
187.0,16.875,6.877031326293945,31.63345718383789,8.002197265625,153.95822143554688,7.989853858947754
188.0,16.875,6.8770341873168945,31.5871639251709,8.002197265625,154.0674285888672,7.989853858947754
189.0,16.875,6.87703800201416,31.542781829833984,8.002197265625,154.17742919921875,7.989853858947754
190.0,16.875,6.8770294189453125,31.50033187866211,8.002197265625,154.2882080078125,7.989853858947754
191.0,16.875,6.877032279968262,31.45981788635254,8.002197265625,154.39968872070312,7.989853858947754
192.0,16.875,6.877033233642578,31.421253204345703,8.002197265625,154.51187133789062,7.989853858947754
193.0,16.875,6.877033710479736,31.38465690612793,8.002197265625,154.62469482421875,7.989853858947754
194.0,16.875,6.877030372619629,31.350034713745117,8.002197265625,154.7381591796875,7.989853858947754
195.0,16.875,6.877033710479736,31.31739616394043,8.002197265625,154.85218811035156,7.989853858947754
196.0,16.875,6.877031326293945,31.286752700805664,8.002197265625,154.966796875,7.989853858947754
197.0,16.875,6.877035140991211,31.258113861083984,8.002197265625,155.08189392089844,7.989853858947754
198.0,16.875,6.877033233642578,31.231489181518555,8.002197265625,155.19749450683594,7.989853858947754
199.0,16.875,6.877034664154053,31.206886291503906,8.002197265625,155.3135223388672,7.989853858947754
200.0,16.875,6.877030372619629,31.18431282043457,8.002197265625,155.42999267578125,7.989853858947754
201.0,16.875,6.877033233642578,31.163772583007812,8.002197265625,155.54681396484375,7.989853858947754
202.0,16.875,6.877032279968262,31.14527702331543,8.002197265625,155.6639862060547,7.989853858947754
203.0,16.875,6.877033710479736,31.128828048706055,8.002197265625,155.7814483642578,7.989853858947754
204.0,16.875,6.877033233642578,31.114431381225586,8.002197265625,155.89920043945312,7.989853858947754
205.0,16.875,6.877032279968262,31.102092742919922,8.002197265625,156.01718139648438,7.989853858947754
206.0,16.875,6.877032279968262,31.091814041137695,8.002197265625,156.13536071777344,7.989853858947754
207.0,16.875,6.8770341873168945,31.083599090576172,8.002197265625,156.25367736816406,7.989853858947754
208.0,16.875,6.8770318031311035,31.07745361328125,8.002197265625,156.3721466064453,7.989853858947754
209.0,16.875,6.877032279968262,31.073373794555664,8.002197265625,156.49069213867188,7.989853858947754
210.0,16.875,6.8770341873168945,31.071361541748047,8.002197265625,156.6092987060547,7.989853858947754
211.0,16.875,6.8770318031311035,31.07142448425293,8.002197265625,156.7279052734375,7.989853858947754
212.0,16.875,6.877029895782471,31.073556900024414,8.002197265625,156.8465118408203,7.989853858947754
213.0,16.875,6.87703275680542,31.077754974365234,8.002197265625,156.96507263183594,7.989853858947754
214.0,16.875,6.87703275680542,31.084022521972656,8.002197265625,157.08351135253906,7.989853858947754
215.0,16.875,6.877032279968262,31.092357635498047,8.002197265625,157.20184326171875,7.989853858947754
216.0,16.875,6.877030849456787,31.10275650024414,8.002197265625,157.3199920654297,7.989853858947754
217.0,16.875,6.8770318031311035,31.115215301513672,8.002197265625,157.43795776367188,7.989853858947754
218.0,16.875,6.8770318031311035,31.129732131958008,8.002197265625,157.55569458007812,7.989853858947754
219.0,16.875,6.8770318031311035,31.14630126953125,8.002197265625,157.67315673828125,7.989853858947754
220.0,16.875,6.877030372619629,31.1649169921875,8.002197265625,157.79029846191406,7.989853858947754
221.0,16.875,6.877032279968262,31.185575485229492,8.002197265625,157.90711975097656,7.989853858947754
222.0,16.875,6.877032279968262,31.208267211914062,8.002197265625,158.02354431152344,7.989853858947754
223.0,16.875,6.877033710479736,31.232986450195312,8.002197265625,158.13955688476562,7.989853858947754
224.0,16.875,6.877035140991211,31.259729385375977,8.002197265625,158.255126953125,7.989853858947754
225.0,16.875,6.877035617828369,31.288484573364258,8.002197265625,158.37020874023438,7.989853858947754
226.0,16.875,6.877034664154053,31.319244384765625,8.002197265625,158.48477172851562,7.989853858947754
227.0,16.875,6.877031326293945,31.351999282836914,8.002197265625,158.59877014160156,7.989853858947754
228.0,16.875,6.877031326293945,31.386737823486328,8.002197265625,158.71218872070312,7.989853858947754
229.0,16.875,6.877030849456787,31.423450469970703,8.002197265625,158.82498168945312,7.989853858947754
230.0,16.875,6.8770294189453125,31.462127685546875,8.002197265625,158.93711853027344,7.989853858947754
231.0,16.875,6.877031326293945,31.50275421142578,8.002197265625,159.04856872558594,7.989853858947754
232.0,16.875,6.8770341873168945,31.54532241821289,8.002197265625,159.1593017578125,7.989853858947754
233.0,16.875,6.877035140991211,31.589811325073242,8.002197265625,159.26925659179688,7.989853858947754
234.0,16.875,6.877031326293945,31.63621711730957,8.002197265625,159.37841796875,7.989853858947754
235.0,16.875,6.877031326293945,31.684518814086914,8.002197265625,159.48675537109375,7.989853858947754
236.0,16.875,6.877033233642578,31.734703063964844,8.002197265625,159.59423828125,7.989853858947754
237.0,16.875,6.877036094665527,31.786758422851562,8.002197265625,159.70083618164062,7.989853858947754
238.0,16.875,6.87703800201416,31.84066390991211,8.002197265625,159.80650329589844,7.989853858947754
239.0,16.875,6.877032279968262,31.896404266357422,8.002197265625,159.91119384765625,7.989853858947754
240.0,16.875,6.877035140991211,31.953968048095703,8.002197265625,160.01492309570312,7.989853858947754
241.0,16.875,6.8770341873168945,32.013328552246094,8.002197265625,160.11761474609375,7.989853858947754
242.0,16.875,6.877029895782471,32.0744743347168,8.002197265625,160.21925354003906,7.989853858947754
243.0,16.875,6.877035140991211,32.13738250732422,8.002197265625,160.31982421875,7.989853858947754
244.0,16.875,6.877036094665527,32.20204162597656,8.002197265625,160.41928100585938,7.989853858947754
245.0,16.875,6.87703275680542,32.2684211730957,8.002197265625,160.517578125,7.989853858947754
246.0,16.875,6.877033233642578,32.336509704589844,8.002197265625,160.61471557617188,7.989853858947754
247.0,16.875,6.877036094665527,32.406280517578125,8.002197265625,160.7106475830078,7.989853858947754
248.0,16.875,6.87702751159668,32.47771453857422,8.002197265625,160.80532836914062,7.989853858947754
249.0,16.875,6.877028465270996,32.55079650878906,8.002197265625,160.89877319335938,7.989853858947754
250.0,16.875,6.8770294189453125,32.625492095947266,8.002197265625,160.9909210205078,7.989853858947754
251.0,16.875,6.8770365715026855,32.7017822265625,8.002197265625,161.08175659179688,7.989853858947754
252.0,16.875,6.877030372619629,32.7796516418457,8.002197265625,161.17123413085938,7.989853858947754
253.0,16.875,6.87702751159668,32.859066009521484,8.002197265625,161.25933837890625,7.989853858947754
254.0,16.875,6.877038955688477,32.94001007080078,8.002197265625,161.3460693359375,7.989853858947754
255.0,16.875,6.877026557922363,33.02245330810547,8.002197265625,161.43133544921875,7.989853858947754
256.0,16.875,6.877021789550781,33.10637664794922,8.002197265625,161.51516723632812,7.989853858947754
257.0,16.875,6.8770318031311035,33.191741943359375,8.002197265625,161.5975341796875,7.989853858947754
258.0,16.875,6.877032279968262,33.27853775024414,8.002197265625,161.6783905029297,7.989853858947754
259.0,16.875,6.877035140991211,33.366729736328125,8.002197265625,161.75772094726562,7.989853858947754
260.0,16.875,6.8770341873168945,33.45629119873047,8.002197265625,161.8354949951172,7.989853858947754
261.0,16.875,6.877032279968262,33.547203063964844,8.002197265625,161.9116973876953,7.989853858947754
262.0,16.875,6.8770318031311035,33.63942337036133,8.002197265625,161.98629760742188,7.989853858947754
263.0,16.875,6.877033233642578,33.732933044433594,8.002197265625,162.0592803955078,7.989853858947754
264.0,16.875,6.877028465270996,33.82770538330078,8.002197265625,162.130615234375,7.989853858947754
265.0,16.875,6.877038955688477,33.9237060546875,8.002197265625,162.20030212402344,7.989853858947754
266.0,16.875,6.877030849456787,34.02090835571289,8.002197265625,162.26828002929688,7.989853858947754
267.0,16.875,6.877033710479736,34.11928176879883,8.002197265625,162.33456420898438,7.989853858947754
268.0,16.875,6.877039432525635,34.21879577636719,8.002197265625,162.3991241455078,7.989853858947754
269.0,16.875,6.877021789550781,34.319427490234375,8.002197265625,162.4619140625,7.989853858947754
270.0,16.875,6.877028942108154,34.42113494873047,8.002197265625,162.52296447753906,7.989853858947754
271.0,16.875,6.8770365715026855,34.52389144897461,8.002197265625,162.5822296142578,7.989853858947754
272.0,16.875,6.877032279968262,34.62766647338867,8.002197265625,162.63967895507812,7.989853858947754
273.0,16.875,6.877042770385742,34.7324333190918,8.002197265625,162.69532775878906,7.989853858947754
274.0,16.875,6.877033233642578,34.83815002441406,8.002197265625,162.74911499023438,7.989853858947754
275.0,16.875,6.877030372619629,34.94478988647461,8.002197265625,162.80105590820312,7.989853858947754
276.0,16.875,6.877032279968262,35.05232238769531,8.002197265625,162.85113525390625,7.989853858947754
277.0,16.875,6.877041816711426,35.16071319580078,8.002197265625,162.8993377685547,7.989853858947754
278.0,16.875,6.877043724060059,35.269927978515625,8.002197265625,162.9456329345703,7.989853858947754
279.0,16.875,6.877022743225098,35.37993240356445,8.002197265625,162.989990234375,7.989853858947754
280.0,16.875,6.877035617828369,35.490692138671875,8.002197265625,163.03245544433594,7.989853858947754
281.0,16.875,6.877033233642578,35.60218048095703,8.002197265625,163.07296752929688,7.989853858947754
282.0,16.875,6.8770318031311035,35.71435546875,8.002197265625,163.1115264892578,7.989853858947754
283.0,16.875,6.87703800201416,35.82719039916992,8.002197265625,163.14813232421875,7.989853858947754
284.0,16.875,6.877037525177002,35.940643310546875,8.002197265625,163.18275451660156,7.989853858947754
285.0,16.875,6.877038478851318,36.054683685302734,8.002197265625,163.21539306640625,7.989853858947754
286.0,16.875,6.877035617828369,36.16927719116211,8.002197265625,163.24603271484375,7.989853858947754
287.0,16.875,6.877022743225098,36.28438949584961,8.002197265625,163.274658203125,7.989853858947754
288.0,16.875,6.8770246505737305,36.39998245239258,8.002197265625,163.30128479003906,7.989853858947754
289.0,16.875,6.87703275680542,36.51602554321289,8.002197265625,163.32589721679688,7.989853858947754
290.0,16.875,6.877040863037109,36.632476806640625,8.002197265625,163.34848022460938,7.989853858947754
291.0,16.875,6.877026081085205,36.74930191040039,8.002197265625,163.36900329589844,7.989853858947754
292.0,16.875,6.877038478851318,36.86647033691406,8.002197265625,163.38751220703125,7.989853858947754
293.0,16.875,6.877037525177002,36.98394775390625,8.002197265625,163.40396118164062,7.989853858947754
294.0,16.875,6.877046585083008,37.101688385009766,8.002197265625,163.41836547851562,7.989853858947754
295.0,16.875,6.877036094665527,37.21966552734375,8.002197265625,163.43069458007812,7.989853858947754
296.0,16.875,6.87702751159668,37.33783721923828,8.002197265625,163.4409637451172,7.989853858947754
297.0,16.875,6.87703800201416,37.456172943115234,8.002197265625,163.44918823242188,7.989853858947754
298.0,16.875,6.877038955688477,37.57463836669922,8.002197265625,163.45533752441406,7.989853858947754
299.0,16.875,6.877033710479736,37.69318771362305,8.002197265625,163.45941162109375,7.989853858947754
300.0,16.875,6.877023220062256,37.811790466308594,8.002197265625,163.46141052246094,7.989853858947754
301.0,16.875,6.877037525177002,37.93040466308594,8.002197265625,163.46136474609375,7.989853858947754
302.0,16.875,6.8770318031311035,38.049007415771484,8.002197265625,163.459228515625,7.989853858947754
303.0,16.875,6.877035617828369,38.16755294799805,8.002197265625,163.4550323486328,7.989853858947754
304.0,16.875,6.87703275680542,38.286006927490234,8.002197265625,163.44876098632812,7.989853858947754
305.0,16.875,6.8770365715026855,38.404335021972656,8.002197265625,163.4404296875,7.989853858947754
306.0,16.875,6.8770432472229,38.522499084472656,8.002197265625,163.43003845214844,7.989853858947754
307.0,16.875,6.8770365715026855,38.64046096801758,8.002197265625,163.41757202148438,7.989853858947754
308.0,16.875,6.877026557922363,38.7581901550293,8.002197265625,163.40304565429688,7.989853858947754
309.0,16.875,6.877024173736572,38.875648498535156,8.002197265625,163.386474609375,7.989853858947754
310.0,16.875,6.8770246505737305,38.9927978515625,8.002197265625,163.36785888671875,7.989853858947754
311.0,16.875,6.877036094665527,39.10960388183594,8.002197265625,163.3472137451172,7.989853858947754
312.0,16.875,6.877039432525635,39.22603225708008,8.002197265625,163.32452392578125,7.989853858947754
313.0,16.875,6.877026557922363,39.34204864501953,8.002197265625,163.29978942871094,7.989853858947754
314.0,16.875,6.877035617828369,39.45761489868164,8.002197265625,163.27305603027344,7.989853858947754
315.0,16.875,6.8770432472229,39.572696685791016,8.002197265625,163.2443084716797,7.989853858947754
316.0,16.875,6.877039909362793,39.687255859375,8.002197265625,163.2135467529297,7.989853858947754
317.0,16.875,6.877035140991211,39.80126953125,8.002197265625,163.1807861328125,7.989853858947754
318.0,16.875,6.877028942108154,39.9146842956543,8.002197265625,163.1460418701172,7.989853858947754
319.0,16.875,6.8770294189453125,40.02748107910156,8.002197265625,163.1093292236328,7.989853858947754
320.0,16.875,6.877023696899414,40.13961410522461,8.002197265625,163.07064819335938,7.989853858947754
321.0,16.875,6.877030849456787,40.251060485839844,8.002197265625,163.030029296875,7.989853858947754
322.0,16.875,6.877040863037109,40.36178207397461,8.002197265625,162.9874725341797,7.989853858947754
323.0,16.875,6.877025127410889,40.471744537353516,8.002197265625,162.94296264648438,7.989853858947754
324.0,16.875,6.877026557922363,40.580909729003906,8.002197265625,162.8965606689453,7.989853858947754
325.0,16.875,6.8770341873168945,40.68925094604492,8.002197265625,162.8482666015625,7.989853858947754
326.0,16.875,6.87701940536499,40.796730041503906,8.002197265625,162.79806518554688,7.989853858947754
327.0,16.875,6.877025604248047,40.9033203125,8.002197265625,162.7460174560547,7.989853858947754
328.0,16.875,6.877036094665527,41.00898361206055,8.002197265625,162.69212341308594,7.989853858947754
329.0,16.875,6.877021789550781,41.113685607910156,8.002197265625,162.63636779785156,7.989853858947754
330.0,16.875,6.87702751159668,41.2174072265625,8.002197265625,162.5788116455078,7.989853858947754
331.0,16.875,6.877033233642578,41.320106506347656,8.002197265625,162.5194549560547,7.989853858947754
332.0,16.875,6.8770365715026855,41.4217529296875,8.002197265625,162.45831298828125,7.989853858947754
333.0,16.875,6.877033233642578,41.52231216430664,8.002197265625,162.39540100097656,7.989853858947754
334.0,16.875,6.877025127410889,41.62176513671875,8.002197265625,162.3307342529297,7.989853858947754
335.0,16.875,6.877026557922363,41.72006607055664,8.002197265625,162.2643585205078,7.989853858947754
336.0,16.875,6.877031326293945,41.817203521728516,8.002197265625,162.19627380371094,7.989853858947754
337.0,16.875,6.877025127410889,41.91313171386719,8.002197265625,162.12649536132812,7.989853858947754
338.0,16.875,6.877033233642578,42.00783157348633,8.002197265625,162.05506896972656,7.989853858947754
339.0,16.875,6.8770246505737305,42.10126876831055,8.002197265625,161.9819793701172,7.989853858947754
340.0,16.875,6.877026557922363,42.19341278076172,8.002197265625,161.90728759765625,7.989853858947754
341.0,16.875,6.877027988433838,42.284244537353516,8.002197265625,161.83099365234375,7.989853858947754
342.0,16.875,6.877038955688477,42.37372589111328,8.002197265625,161.75314331054688,7.989853858947754
343.0,16.875,6.8770270347595215,42.46184158325195,8.002197265625,161.6737060546875,7.989853858947754
344.0,16.875,6.8770341873168945,42.548553466796875,8.002197265625,161.5927734375,7.989853858947754
345.0,16.875,6.8770341873168945,42.63383865356445,8.002197265625,161.5103302001953,7.989853858947754
346.0,16.875,6.877032279968262,42.717674255371094,8.002197265625,161.42640686035156,7.989853858947754
347.0,16.875,6.877026557922363,42.800025939941406,8.002197265625,161.34103393554688,7.989853858947754
348.0,16.875,6.8770294189453125,42.880882263183594,8.002197265625,161.25424194335938,7.989853858947754
349.0,16.875,6.877037048339844,42.960208892822266,8.002197265625,161.1660614013672,7.989853858947754
350.0,16.875,6.877031326293945,43.03798294067383,8.002197265625,161.0764923095703,7.989853858947754
351.0,16.875,6.8770294189453125,43.11418533325195,8.002197265625,160.98558044433594,7.989853858947754
352.0,16.875,6.8770294189453125,43.18878936767578,8.002197265625,160.8933563232422,7.989853858947754
353.0,16.875,6.877030372619629,43.26176834106445,8.002197265625,160.7998504638672,7.989853858947754
354.0,16.875,6.8770318031311035,43.33311080932617,8.002197265625,160.705078125,7.989853858947754
355.0,16.875,6.8770341873168945,43.40278244018555,8.002197265625,160.6090850830078,7.989853858947754
356.0,16.875,6.877037048339844,43.47077178955078,8.002197265625,160.5118865966797,7.989853858947754
357.0,16.875,6.877028465270996,43.537052154541016,8.002197265625,160.4134979248047,7.989853858947754
358.0,16.875,6.877037048339844,43.60160827636719,8.002197265625,160.31399536132812,7.989853858947754
359.0,16.875,6.8770246505737305,43.66441345214844,8.002197265625,160.21334838867188,7.989853858947754
0.0,11.25,10.214649200439453,46.56842041015625,8.002197265625,161.91246032714844,7.989853858947754
1.0,11.25,10.21464729309082,46.65867233276367,8.002197265625,161.7598114013672,7.989853858947754
2.0,11.25,10.214637756347656,46.746246337890625,8.002197265625,161.6055908203125,7.989853858947754
3.0,11.25,10.214648246765137,46.831119537353516,8.002197265625,161.4499053955078,7.989853858947754
4.0,11.25,10.214638710021973,46.91325759887695,8.002197265625,161.292724609375,7.989853858947754
5.0,11.25,10.214639663696289,46.99264144897461,8.002197265625,161.1341552734375,7.989853858947754
6.0,11.25,10.214639663696289,47.069244384765625,8.002197265625,160.97422790527344,7.989853858947754
7.0,11.25,10.214643478393555,47.14304733276367,8.002197265625,160.81298828125,7.989853858947754
8.0,11.25,10.21464729309082,47.214027404785156,8.002197265625,160.65048217773438,7.989853858947754
9.0,11.25,10.214640617370605,47.28215789794922,8.002197265625,160.4867401123047,7.989853858947754
10.0,11.25,10.214637756347656,47.347415924072266,8.002197265625,160.3218536376953,7.989853858947754
11.0,11.25,10.214646339416504,47.409793853759766,8.002197265625,160.15586853027344,7.989853858947754
12.0,11.25,10.214645385742188,47.469261169433594,8.002197265625,159.98880004882812,7.989853858947754
13.0,11.25,10.214638710021973,47.52580261230469,8.002197265625,159.82070922851562,7.989853858947754
14.0,11.25,10.214642524719238,47.57940673828125,8.002197265625,159.65167236328125,7.989853858947754
15.0,11.25,10.214646339416504,47.63005065917969,8.002197265625,159.4817352294922,7.989853858947754
16.0,11.25,10.214641571044922,47.67771911621094,8.002197265625,159.3109130859375,7.989853858947754
17.0,11.25,10.214645385742188,47.7224006652832,8.002197265625,159.13931274414062,7.989853858947754
18.0,11.25,10.214642524719238,47.764076232910156,8.002197265625,158.96694946289062,7.989853858947754
19.0,11.25,10.214640617370605,47.80274200439453,8.002197265625,158.7938690185547,7.989853858947754
20.0,11.25,10.214642524719238,47.838382720947266,8.002197265625,158.62014770507812,7.989853858947754
21.0,11.25,10.214643478393555,47.8709831237793,8.002197265625,158.4458465576172,7.989853858947754
22.0,11.25,10.214642524719238,47.900535583496094,8.002197265625,158.27099609375,7.989853858947754
23.0,11.25,10.214641571044922,47.927032470703125,8.002197265625,158.0956573486328,7.989853858947754
24.0,11.25,10.214639663696289,47.95046615600586,8.002197265625,157.91986083984375,7.989853858947754
25.0,11.25,10.214641571044922,47.970829010009766,8.002197265625,157.74371337890625,7.989853858947754
26.0,11.25,10.214641571044922,47.98811340332031,8.002197265625,157.56723022460938,7.989853858947754
27.0,11.25,10.214644432067871,48.0023193359375,8.002197265625,157.3904571533203,7.989853858947754
28.0,11.25,10.214643478393555,48.013431549072266,8.002197265625,157.21348571777344,7.989853858947754
29.0,11.25,10.214643478393555,48.02145767211914,8.002197265625,157.0363311767578,7.989853858947754
30.0,11.25,10.214641571044922,48.02638626098633,8.002197265625,156.8590545654297,7.989853858947754
31.0,11.25,10.214642524719238,48.02822494506836,8.002197265625,156.68174743652344,7.989853858947754
32.0,11.25,10.214637756347656,48.02696228027344,8.002197265625,156.50440979003906,7.989853858947754
33.0,11.25,10.214641571044922,48.022613525390625,8.002197265625,156.32711791992188,7.989853858947754
34.0,11.25,10.214641571044922,48.015167236328125,8.002197265625,156.1499481201172,7.989853858947754
35.0,11.25,10.214642524719238,48.00463104248047,8.002197265625,155.97291564941406,7.989853858947754
36.0,11.25,10.214641571044922,47.991004943847656,8.002197265625,155.79611206054688,7.989853858947754
37.0,11.25,10.214646339416504,47.974300384521484,8.002197265625,155.61956787109375,7.989853858947754
38.0,11.25,10.214641571044922,47.95450973510742,8.002197265625,155.44334411621094,7.989853858947754
39.0,11.25,10.214640617370605,47.93164825439453,8.002197265625,155.26748657226562,7.989853858947754
40.0,11.25,10.214639663696289,47.905723571777344,8.002197265625,155.09207153320312,7.989853858947754
41.0,11.25,10.214642524719238,47.87674331665039,8.002197265625,154.9171142578125,7.989853858947754
42.0,11.25,10.214637756347656,47.84470748901367,8.002197265625,154.74270629882812,7.989853858947754
43.0,11.25,10.214646339416504,47.80964279174805,8.002197265625,154.56886291503906,7.989853858947754
44.0,11.25,10.214639663696289,47.77153778076172,8.002197265625,154.3956756591797,7.989853858947754
45.0,11.25,10.214640617370605,47.73042297363281,8.002197265625,154.22317504882812,7.989853858947754
46.0,11.25,10.214642524719238,47.686302185058594,8.002197265625,154.05140686035156,7.989853858947754
47.0,11.25,10.214641571044922,47.63919448852539,8.002197265625,153.88046264648438,7.989853858947754
48.0,11.25,10.214640617370605,47.58910369873047,8.002197265625,153.71034240722656,7.989853858947754
49.0,11.25,10.214640617370605,47.53605270385742,8.002197265625,153.54112243652344,7.989853858947754
50.0,11.25,10.214641571044922,47.48006057739258,8.002197265625,153.37286376953125,7.989853858947754
51.0,11.25,10.214646339416504,47.421138763427734,8.002197265625,153.20559692382812,7.989853858947754
52.0,11.25,10.214641571044922,47.359310150146484,8.002197265625,153.03941345214844,7.989853858947754
53.0,11.25,10.214637756347656,47.29458236694336,8.002197265625,152.8743133544922,7.989853858947754
54.0,11.25,10.214639663696289,47.226985931396484,8.002197265625,152.71035766601562,7.989853858947754
55.0,11.25,10.214640617370605,47.15654373168945,8.002197265625,152.54762268066406,7.989853858947754
56.0,11.25,10.214642524719238,47.0832633972168,8.002197265625,152.38612365722656,7.989853858947754
57.0,11.25,10.214635848999023,47.007179260253906,8.002197265625,152.2259521484375,7.989853858947754
58.0,11.25,10.214646339416504,46.92831802368164,8.002197265625,152.06710815429688,7.989853858947754
59.0,11.25,10.214643478393555,46.8466911315918,8.002197265625,151.90968322753906,7.989853858947754
60.0,11.25,10.21464729309082,46.7623291015625,8.002197265625,151.75369262695312,7.989853858947754
61.0,11.25,10.214634895324707,46.675254821777344,8.002197265625,151.59922790527344,7.989853858947754
62.0,11.25,10.214646339416504,46.58549880981445,8.002197265625,151.44625854492188,7.989853858947754
63.0,11.25,10.214643478393555,46.49309539794922,8.002197265625,151.294921875,7.989853858947754
64.0,11.25,10.214639663696289,46.39805221557617,8.002197265625,151.14520263671875,7.989853858947754
65.0,11.25,10.214639663696289,46.30042266845703,8.002197265625,150.99717712402344,7.989853858947754
66.0,11.25,10.214652061462402,46.200218200683594,8.002197265625,150.85084533691406,7.989853858947754
67.0,11.25,10.214645385742188,46.09747314453125,8.002197265625,150.70631408691406,7.989853858947754
68.0,11.25,10.214639663696289,45.99222183227539,8.002197265625,150.5635986328125,7.989853858947754
69.0,11.25,10.214643478393555,45.884498596191406,8.002197265625,150.4227294921875,7.989853858947754
70.0,11.25,10.214634895324707,45.77433395385742,8.002197265625,150.28378295898438,7.989853858947754
71.0,11.25,10.214639663696289,45.66176223754883,8.002197265625,150.14675903320312,7.989853858947754
72.0,11.25,10.214641571044922,45.546810150146484,8.002197265625,150.01171875,7.989853858947754
73.0,11.25,10.214645385742188,45.42952346801758,8.002197265625,149.8787078857422,7.989853858947754
74.0,11.25,10.214643478393555,45.309932708740234,8.002197265625,149.74777221679688,7.989853858947754
75.0,11.25,10.214639663696289,45.188072204589844,8.002197265625,149.6189422607422,7.989853858947754
76.0,11.25,10.21464729309082,45.063987731933594,8.002197265625,149.49224853515625,7.989853858947754
77.0,11.25,10.214641571044922,44.93770217895508,8.002197265625,149.3677520751953,7.989853858947754
78.0,11.25,10.21463394165039,44.809268951416016,8.002197265625,149.2454833984375,7.989853858947754
79.0,11.25,10.214641571044922,44.6787223815918,8.002197265625,149.12545776367188,7.989853858947754
80.0,11.25,10.214641571044922,44.54610061645508,8.002197265625,149.0077362060547,7.989853858947754
81.0,11.25,10.214641571044922,44.41144561767578,8.002197265625,148.89234924316406,7.989853858947754
82.0,11.25,10.214639663696289,44.2747917175293,8.002197265625,148.77932739257812,7.989853858947754
83.0,11.25,10.214645385742188,44.13618850708008,8.002197265625,148.668701171875,7.989853858947754
84.0,11.25,10.214644432067871,43.99567413330078,8.002197265625,148.56051635742188,7.989853858947754
85.0,11.25,10.214644432067871,43.85329818725586,8.002197265625,148.45480346679688,7.989853858947754
86.0,11.25,10.214641571044922,43.7090950012207,8.002197265625,148.35159301757812,7.989853858947754
87.0,11.25,10.214637756347656,43.563114166259766,8.002197265625,148.25091552734375,7.989853858947754
88.0,11.25,10.21464729309082,43.41539764404297,8.002197265625,148.1527862548828,7.989853858947754
89.0,11.25,10.214645385742188,43.265995025634766,8.002197265625,148.05726623535156,7.989853858947754
90.0,11.25,10.214637756347656,43.11494445800781,8.002197265625,147.96437072753906,7.989853858947754
91.0,11.25,10.214638710021973,42.9622917175293,8.002197265625,147.87411499023438,7.989853858947754
92.0,11.25,10.21464729309082,42.80809020996094,8.002197265625,147.78652954101562,7.989853858947754
93.0,11.25,10.21463394165039,42.65238952636719,8.002197265625,147.70167541503906,7.989853858947754
94.0,11.25,10.214632034301758,42.49522399902344,8.002197265625,147.61953735351562,7.989853858947754
95.0,11.25,10.214653015136719,42.33665466308594,8.002197265625,147.54013061523438,7.989853858947754
96.0,11.25,10.214645385742188,42.17671585083008,8.002197265625,147.46353149414062,7.989853858947754
97.0,11.25,10.21463680267334,42.015472412109375,8.002197265625,147.38973999023438,7.989853858947754
98.0,11.25,10.214644432067871,41.85296630859375,8.002197265625,147.31875610351562,7.989853858947754
99.0,11.25,10.214643478393555,41.689239501953125,8.002197265625,147.25062561035156,7.989853858947754
100.0,11.25,10.214642524719238,41.524349212646484,8.002197265625,147.18536376953125,7.989853858947754
101.0,11.25,10.214646339416504,41.35834884643555,8.002197265625,147.12298583984375,7.989853858947754
102.0,11.25,10.214642524719238,41.1912841796875,8.002197265625,147.0635223388672,7.989853858947754
103.0,11.25,10.214649200439453,41.02320861816406,8.002197265625,147.00697326660156,7.989853858947754
104.0,11.25,10.214635848999023,40.85416793823242,8.002197265625,146.95338439941406,7.989853858947754
105.0,11.25,10.21463680267334,40.68421936035156,8.002197265625,146.90274047851562,7.989853858947754
106.0,11.25,10.214635848999023,40.51341247558594,8.002197265625,146.85507202148438,7.989853858947754
107.0,11.25,10.214632034301758,40.341800689697266,8.002197265625,146.81039428710938,7.989853858947754
108.0,11.25,10.214640617370605,40.16943359375,8.002197265625,146.76870727539062,7.989853858947754
109.0,11.25,10.214640617370605,39.99636459350586,8.002197265625,146.73004150390625,7.989853858947754
110.0,11.25,10.21464729309082,39.82265090942383,8.002197265625,146.69439697265625,7.989853858947754
111.0,11.25,10.214638710021973,39.648338317871094,8.002197265625,146.66180419921875,7.989853858947754
112.0,11.25,10.214641571044922,39.47348403930664,8.002197265625,146.6322479248047,7.989853858947754
113.0,11.25,10.21464729309082,39.29813766479492,8.002197265625,146.60574340820312,7.989853858947754
114.0,11.25,10.21463680267334,39.12236404418945,8.002197265625,146.5823211669922,7.989853858947754
115.0,11.25,10.214644432067871,38.94620132446289,8.002197265625,146.56195068359375,7.989853858947754
116.0,11.25,10.214632987976074,38.76971435546875,8.002197265625,146.544677734375,7.989853858947754
117.0,11.25,10.214637756347656,38.592952728271484,8.002197265625,146.5304718017578,7.989853858947754
118.0,11.25,10.214646339416504,38.41596603393555,8.002197265625,146.51934814453125,7.989853858947754
119.0,11.25,10.214632987976074,38.23881530761719,8.002197265625,146.51133728027344,7.989853858947754
120.0,11.25,10.214645385742188,38.061546325683594,8.002197265625,146.5063934326172,7.989853858947754
121.0,11.25,10.214653968811035,37.884220123291016,8.002197265625,146.50454711914062,7.989853858947754
122.0,11.25,10.214645385742188,37.70689392089844,8.002197265625,146.5058135986328,7.989853858947754
123.0,11.25,10.214649200439453,37.52960968017578,8.002197265625,146.51016235351562,7.989853858947754
124.0,11.25,10.21463394165039,37.352439880371094,8.002197265625,146.5176239013672,7.989853858947754
125.0,11.25,10.214643478393555,37.1754150390625,8.002197265625,146.5281524658203,7.989853858947754
126.0,11.25,10.214641571044922,36.99860382080078,8.002197265625,146.54177856445312,7.989853858947754
127.0,11.25,10.214642524719238,36.822059631347656,8.002197265625,146.55848693847656,7.989853858947754
128.0,11.25,10.214637756347656,36.645835876464844,8.002197265625,146.57827758789062,7.989853858947754
129.0,11.25,10.214639663696289,36.4699821472168,8.002197265625,146.60113525390625,7.989853858947754
130.0,11.25,10.214640617370605,36.294551849365234,8.002197265625,146.62705993652344,7.989853858947754
131.0,11.25,10.214632987976074,36.11960220336914,8.002197265625,146.6560516357422,7.989853858947754
132.0,11.25,10.21465015411377,35.945186614990234,8.002197265625,146.6880645751953,7.989853858947754
133.0,11.25,10.214641571044922,35.77135467529297,8.002197265625,146.72314453125,7.989853858947754
134.0,11.25,10.214639663696289,35.59816360473633,8.002197265625,146.76124572753906,7.989853858947754
135.0,11.25,10.214649200439453,35.4256591796875,8.002197265625,146.80235290527344,7.989853858947754
136.0,11.25,10.214641571044922,35.253902435302734,8.002197265625,146.8464813232422,7.989853858947754
137.0,11.25,10.214648246765137,35.082942962646484,8.002197265625,146.89358520507812,7.989853858947754
138.0,11.25,10.214641571044922,34.9128303527832,8.002197265625,146.9436798095703,7.989853858947754
139.0,11.25,10.214635848999023,34.74361801147461,8.002197265625,146.99673461914062,7.989853858947754
140.0,11.25,10.214645385742188,34.575355529785156,8.002197265625,147.05271911621094,7.989853858947754
141.0,11.25,10.214638710021973,34.40809631347656,8.002197265625,147.1116485595703,7.989853858947754
142.0,11.25,10.214642524719238,34.24189376831055,8.002197265625,147.17347717285156,7.989853858947754
143.0,11.25,10.214639663696289,34.07678985595703,8.002197265625,147.2382049560547,7.989853858947754
144.0,11.25,10.214652061462402,33.912845611572266,8.002197265625,147.3057861328125,7.989853858947754
145.0,11.25,10.214632987976074,33.75010681152344,8.002197265625,147.37625122070312,7.989853858947754
146.0,11.25,10.214651107788086,33.588619232177734,8.002197265625,147.4495086669922,7.989853858947754
147.0,11.25,10.214638710021973,33.428436279296875,8.002197265625,147.52560424804688,7.989853858947754
148.0,11.25,10.21464729309082,33.26960372924805,8.002197265625,147.60446166992188,7.989853858947754
149.0,11.25,10.214640617370605,33.11217498779297,8.002197265625,147.68609619140625,7.989853858947754
150.0,11.25,10.21463680267334,32.95619201660156,8.002197265625,147.7704620361328,7.989853858947754
151.0,11.25,10.214640617370605,32.80170822143555,8.002197265625,147.85752868652344,7.989853858947754
152.0,11.25,10.214641571044922,32.648765563964844,8.002197265625,147.94728088378906,7.989853858947754
153.0,11.25,10.214643478393555,32.497413635253906,8.002197265625,148.03968811035156,7.989853858947754
154.0,11.25,10.214635848999023,32.347694396972656,8.002197265625,148.13473510742188,7.989853858947754
155.0,11.25,10.214643478393555,32.19966125488281,8.002197265625,148.23236083984375,7.989853858947754
156.0,11.25,10.214645385742188,32.053348541259766,8.002197265625,148.3325653076172,7.989853858947754
157.0,11.25,10.214649200439453,31.908809661865234,8.002197265625,148.435302734375,7.989853858947754
158.0,11.25,10.214641571044922,31.76609230041504,8.002197265625,148.54055786132812,7.989853858947754
159.0,11.25,10.214640617370605,31.625225067138672,8.002197265625,148.64828491210938,7.989853858947754
160.0,11.25,10.214638710021973,31.486263275146484,8.002197265625,148.75845336914062,7.989853858947754
161.0,11.25,10.21464729309082,31.3492431640625,8.002197265625,148.8710174560547,7.989853858947754
162.0,11.25,10.214638710021973,31.214210510253906,8.002197265625,148.98597717285156,7.989853858947754
163.0,11.25,10.214643478393555,31.081205368041992,8.002197265625,149.10325622558594,7.989853858947754
164.0,11.25,10.214639663696289,30.95026397705078,8.002197265625,149.2228546142578,7.989853858947754
165.0,11.25,10.214639663696289,30.821434020996094,8.002197265625,149.34471130371094,7.989853858947754
166.0,11.25,10.214645385742188,30.694744110107422,8.002197265625,149.4687957763672,7.989853858947754
167.0,11.25,10.214643478393555,30.57024383544922,8.002197265625,149.59507751464844,7.989853858947754
168.0,11.25,10.214643478393555,30.447965621948242,8.002197265625,149.7235107421875,7.989853858947754
169.0,11.25,10.214639663696289,30.32794761657715,8.002197265625,149.85406494140625,7.989853858947754
170.0,11.25,10.214645385742188,30.21022605895996,8.002197265625,149.98667907714844,7.989853858947754
171.0,11.25,10.214646339416504,30.09483528137207,8.002197265625,150.121337890625,7.989853858947754
172.0,11.25,10.214639663696289,29.981815338134766,8.002197265625,150.25799560546875,7.989853858947754
173.0,11.25,10.214646339416504,29.87119483947754,8.002197265625,150.39659118652344,7.989853858947754
174.0,11.25,10.214641571044922,29.763011932373047,8.002197265625,150.537109375,7.989853858947754
175.0,11.25,10.214649200439453,29.657299041748047,8.002197265625,150.67947387695312,7.989853858947754
176.0,11.25,10.214643478393555,29.55408477783203,8.002197265625,150.8236846923828,7.989853858947754
177.0,11.25,10.214644432067871,29.45340347290039,8.002197265625,150.96966552734375,7.989853858947754
178.0,11.25,10.214643478393555,29.355283737182617,8.002197265625,151.1173858642578,7.989853858947754
179.0,11.25,10.214643478393555,29.259761810302734,8.002197265625,151.26678466796875,7.989853858947754
180.0,11.25,10.214649200439453,29.166854858398438,8.002197265625,151.41783142089844,7.989853858947754
181.0,11.25,10.21464729309082,29.076602935791016,8.002197265625,151.5704803466797,7.989853858947754
182.0,11.25,10.214637756347656,28.989028930664062,8.002197265625,151.72470092773438,7.989853858947754
183.0,11.25,10.21464729309082,28.904157638549805,8.002197265625,151.88038635253906,7.989853858947754
184.0,11.25,10.21463680267334,28.822019577026367,8.002197265625,152.03756713867188,7.989853858947754
185.0,11.25,10.214641571044922,28.742631912231445,8.002197265625,152.19613647460938,7.989853858947754
186.0,11.25,10.214641571044922,28.66602897644043,8.002197265625,152.35606384277344,7.989853858947754
187.0,11.25,10.214645385742188,28.592226028442383,8.002197265625,152.51730346679688,7.989853858947754
188.0,11.25,10.21464729309082,28.52124786376953,8.002197265625,152.6798095703125,7.989853858947754
189.0,11.25,10.214639663696289,28.4531192779541,8.002197265625,152.8435516357422,7.989853858947754
190.0,11.25,10.214641571044922,28.387855529785156,8.002197265625,153.00843811035156,7.989853858947754
191.0,11.25,10.214646339416504,28.325481414794922,8.002197265625,153.17442321777344,7.989853858947754
192.0,11.25,10.21464729309082,28.26601219177246,8.002197265625,153.34149169921875,7.989853858947754
193.0,11.25,10.214638710021973,28.20947265625,8.002197265625,153.50958251953125,7.989853858947754
194.0,11.25,10.214640617370605,28.15587043762207,8.002197265625,153.67861938476562,7.989853858947754
195.0,11.25,10.214646339416504,28.105224609375,8.002197265625,153.8485565185547,7.989853858947754
196.0,11.25,10.214641571044922,28.05755615234375,8.002197265625,154.01937866210938,7.989853858947754
197.0,11.25,10.214640617370605,28.012874603271484,8.002197265625,154.1909942626953,7.989853858947754
198.0,11.25,10.214643478393555,27.9711971282959,8.002197265625,154.36334228515625,7.989853858947754
199.0,11.25,10.214639663696289,27.932533264160156,8.002197265625,154.5364227294922,7.989853858947754
200.0,11.25,10.214640617370605,27.896894454956055,8.002197265625,154.71014404296875,7.989853858947754
201.0,11.25,10.214643478393555,27.86429214477539,8.002197265625,154.8844451904297,7.989853858947754
202.0,11.25,10.214639663696289,27.834739685058594,8.002197265625,155.05931091308594,7.989853858947754
203.0,11.25,10.214643478393555,27.80824089050293,8.002197265625,155.23463439941406,7.989853858947754
204.0,11.25,10.214641571044922,27.784807205200195,8.002197265625,155.41043090820312,7.989853858947754
205.0,11.25,10.214643478393555,27.76444435119629,8.002197265625,155.58657836914062,7.989853858947754
206.0,11.25,10.214645385742188,27.74715805053711,8.002197265625,155.7630615234375,7.989853858947754
207.0,11.25,10.214646339416504,27.732954025268555,8.002197265625,155.93983459472656,7.989853858947754
208.0,11.25,10.214644432067871,27.72184181213379,8.002197265625,156.11680603027344,7.989853858947754
209.0,11.25,10.214643478393555,27.713817596435547,8.002197265625,156.29396057128906,7.989853858947754
210.0,11.25,10.214643478393555,27.708887100219727,8.002197265625,156.4712371826172,7.989853858947754
211.0,11.25,10.214645385742188,27.707048416137695,8.002197265625,156.6485595703125,7.989853858947754
212.0,11.25,10.214643478393555,27.70830726623535,8.002197265625,156.8258819580078,7.989853858947754
213.0,11.25,10.214643478393555,27.71265983581543,8.002197265625,157.003173828125,7.989853858947754
214.0,11.25,10.214641571044922,27.720108032226562,8.002197265625,157.1803436279297,7.989853858947754
215.0,11.25,10.214643478393555,27.73064422607422,8.002197265625,157.3573760986328,7.989853858947754
216.0,11.25,10.214645385742188,27.744266510009766,8.002197265625,157.5341796875,7.989853858947754
217.0,11.25,10.214646339416504,27.760974884033203,8.002197265625,157.71072387695312,7.989853858947754
218.0,11.25,10.214644432067871,27.780763626098633,8.002197265625,157.88694763183594,7.989853858947754
219.0,11.25,10.214641571044922,27.803625106811523,8.002197265625,158.06280517578125,7.989853858947754
220.0,11.25,10.214640617370605,27.82954978942871,8.002197265625,158.23822021484375,7.989853858947754
221.0,11.25,10.214640617370605,27.85853385925293,8.002197265625,158.41317749023438,7.989853858947754
222.0,11.25,10.214641571044922,27.89056396484375,8.002197265625,158.58758544921875,7.989853858947754
223.0,11.25,10.214643478393555,27.925634384155273,8.002197265625,158.7614288330078,7.989853858947754
224.0,11.25,10.214644432067871,27.96373176574707,8.002197265625,158.9346160888672,7.989853858947754
225.0,11.25,10.214642524719238,28.004850387573242,8.002197265625,159.10711669921875,7.989853858947754
226.0,11.25,10.214642524719238,28.048973083496094,8.002197265625,159.2788848876953,7.989853858947754
227.0,11.25,10.214641571044922,28.096080780029297,8.002197265625,159.4498291015625,7.989853858947754
228.0,11.25,10.214645385742188,28.14617156982422,8.002197265625,159.61996459960938,7.989853858947754
229.0,11.25,10.214646339416504,28.199216842651367,8.002197265625,159.78916931152344,7.989853858947754
230.0,11.25,10.214641571044922,28.25521469116211,8.002197265625,159.95742797851562,7.989853858947754
231.0,11.25,10.214645385742188,28.314136505126953,8.002197265625,160.12469482421875,7.989853858947754
232.0,11.25,10.214639663696289,28.375967025756836,8.002197265625,160.29087829589844,7.989853858947754
233.0,11.25,10.214640617370605,28.440689086914062,8.002197265625,160.4559783935547,7.989853858947754
234.0,11.25,10.214641571044922,28.50828742980957,8.002197265625,160.61993408203125,7.989853858947754
235.0,11.25,10.214645385742188,28.578733444213867,8.002197265625,160.78268432617188,7.989853858947754
236.0,11.25,10.214643478393555,28.652009963989258,8.002197265625,160.9441680908203,7.989853858947754
237.0,11.25,10.214640617370605,28.728090286254883,8.002197265625,161.10433959960938,7.989853858947754
238.0,11.25,10.214644432067871,28.80695915222168,8.002197265625,161.26318359375,7.989853858947754
239.0,11.25,10.214645385742188,28.888582229614258,8.002197265625,161.4206085205078,7.989853858947754
240.0,11.25,10.214644432067871,28.972949981689453,8.002197265625,161.57659912109375,7.989853858947754
241.0,11.25,10.21463680267334,29.06001853942871,8.002197265625,161.73106384277344,7.989853858947754
242.0,11.25,10.214635848999023,29.149770736694336,8.002197265625,161.88400268554688,7.989853858947754
243.0,11.25,10.214643478393555,29.24217987060547,8.002197265625,162.03536987304688,7.989853858947754
244.0,11.25,10.214643478393555,29.33721923828125,8.002197265625,162.18508911132812,7.989853858947754
245.0,11.25,10.214637756347656,29.43485450744629,8.002197265625,162.33311462402344,7.989853858947754
246.0,11.25,10.21465015411377,29.535058975219727,8.002197265625,162.4794464111328,7.989853858947754
247.0,11.25,10.21464729309082,29.637800216674805,8.002197265625,162.6239776611328,7.989853858947754
248.0,11.25,10.214644432067871,29.7430477142334,8.002197265625,162.76669311523438,7.989853858947754
249.0,11.25,10.214643478393555,29.85077667236328,8.002197265625,162.90756225585938,7.989853858947754
250.0,11.25,10.21463394165039,29.960941314697266,8.002197265625,163.0465087890625,7.989853858947754
251.0,11.25,10.214637756347656,30.073514938354492,8.002197265625,163.18353271484375,7.989853858947754
252.0,11.25,10.214643478393555,30.188461303710938,8.002197265625,163.31857299804688,7.989853858947754
253.0,11.25,10.214648246765137,30.305747985839844,8.002197265625,163.4515838623047,7.989853858947754
254.0,11.25,10.214653015136719,30.425342559814453,8.002197265625,163.58253479003906,7.989853858947754
255.0,11.25,10.214639663696289,30.547203063964844,8.002197265625,163.7113494873047,7.989853858947754
256.0,11.25,10.214637756347656,30.671287536621094,8.002197265625,163.83802795410156,7.989853858947754
257.0,11.25,10.214641571044922,30.797571182250977,8.002197265625,163.96253967285156,7.989853858947754
258.0,11.25,10.21463680267334,30.926002502441406,8.002197265625,164.08480834960938,7.989853858947754
259.0,11.25,10.214643478393555,31.056550979614258,8.002197265625,164.204833984375,7.989853858947754
260.0,11.25,10.214639663696289,31.189176559448242,8.002197265625,164.3225555419922,7.989853858947754
261.0,11.25,10.214651107788086,31.323833465576172,8.002197265625,164.43795776367188,7.989853858947754
262.0,11.25,10.214639663696289,31.46048355102539,8.002197265625,164.55096435546875,7.989853858947754
263.0,11.25,10.21463394165039,31.599084854125977,8.002197265625,164.6615753173828,7.989853858947754
264.0,11.25,10.214635848999023,31.739595413208008,8.002197265625,164.76976013183594,7.989853858947754
265.0,11.25,10.21463394165039,31.881975173950195,8.002197265625,164.87547302246094,7.989853858947754
266.0,11.25,10.214653968811035,32.026180267333984,8.002197265625,164.9787139892578,7.989853858947754
267.0,11.25,10.214640617370605,32.172157287597656,8.002197265625,165.07937622070312,7.989853858947754
268.0,11.25,10.214637756347656,32.31987380981445,8.002197265625,165.177490234375,7.989853858947754
269.0,11.25,10.214632034301758,32.46928024291992,8.002197265625,165.27301025390625,7.989853858947754
270.0,11.25,10.214637756347656,32.620330810546875,8.002197265625,165.3659210205078,7.989853858947754
271.0,11.25,10.214642524719238,32.77297592163086,8.002197265625,165.4561767578125,7.989853858947754
272.0,11.25,10.214651107788086,32.92717742919922,8.002197265625,165.54376220703125,7.989853858947754
273.0,11.25,10.214645385742188,33.082889556884766,8.002197265625,165.62863159179688,7.989853858947754
274.0,11.25,10.214645385742188,33.24005126953125,8.002197265625,165.7107696533203,7.989853858947754
275.0,11.25,10.214639663696289,33.39862060546875,8.002197265625,165.79014587402344,7.989853858947754
276.0,11.25,10.214632987976074,33.558555603027344,8.002197265625,165.8667449951172,7.989853858947754
277.0,11.25,10.214652061462402,33.71979904174805,8.002197265625,165.94056701660156,7.989853858947754
278.0,11.25,10.214641571044922,33.88231658935547,8.002197265625,166.01153564453125,7.989853858947754
279.0,11.25,10.214644432067871,34.04603576660156,8.002197265625,166.0796661376953,7.989853858947754
280.0,11.25,10.214644432067871,34.21092224121094,8.002197265625,166.14492797851562,7.989853858947754
281.0,11.25,10.214646339416504,34.37692642211914,8.002197265625,166.20730590820312,7.989853858947754
282.0,11.25,10.214642524719238,34.54398727416992,8.002197265625,166.2667694091797,7.989853858947754
283.0,11.25,10.214646339416504,34.71207046508789,8.002197265625,166.3233184814453,7.989853858947754
284.0,11.25,10.21463680267334,34.881107330322266,8.002197265625,166.3769073486328,7.989853858947754
285.0,11.25,10.214651107788086,35.051055908203125,8.002197265625,166.4275665283203,7.989853858947754
286.0,11.25,10.214651107788086,35.22186279296875,8.002197265625,166.47523498535156,7.989853858947754
287.0,11.25,10.214632987976074,35.39347457885742,8.002197265625,166.5198974609375,7.989853858947754
288.0,11.25,10.214641571044922,35.56584167480469,8.002197265625,166.56158447265625,7.989853858947754
289.0,11.25,10.214641571044922,35.73890686035156,8.002197265625,166.60025024414062,7.989853858947754
290.0,11.25,10.214632987976074,35.91262435913086,8.002197265625,166.63587951660156,7.989853858947754
291.0,11.25,10.214654922485352,36.08693313598633,8.002197265625,166.6685028076172,7.989853858947754
292.0,11.25,10.214642524719238,36.26178741455078,8.002197265625,166.6980438232422,7.989853858947754
293.0,11.25,10.214632987976074,36.4371337890625,8.002197265625,166.7245330810547,7.989853858947754
294.0,11.25,10.214651107788086,36.612911224365234,8.002197265625,166.74798583984375,7.989853858947754
295.0,11.25,10.214645385742188,36.78907012939453,8.002197265625,166.76834106445312,7.989853858947754
296.0,11.25,10.214632987976074,36.96556091308594,8.002197265625,166.78561401367188,7.989853858947754
297.0,11.25,10.21463680267334,37.1423225402832,8.002197265625,166.79981994628906,7.989853858947754
298.0,11.25,10.214646339416504,37.31930923461914,8.002197265625,166.81094360351562,7.989853858947754
299.0,11.25,10.214648246765137,37.4964599609375,8.002197265625,166.8189697265625,7.989853858947754
300.0,11.25,10.214630126953125,37.67372512817383,8.002197265625,166.82388305664062,7.989853858947754
301.0,11.25,10.214639663696289,37.85104751586914,8.002197265625,166.8257293701172,7.989853858947754
302.0,11.25,10.214645385742188,38.02838134765625,8.002197265625,166.82447814941406,7.989853858947754
303.0,11.25,10.21463394165039,38.20566177368164,8.002197265625,166.8201141357422,7.989853858947754
304.0,11.25,10.214648246765137,38.382835388183594,8.002197265625,166.81268310546875,7.989853858947754
305.0,11.25,10.214642524719238,38.55985641479492,8.002197265625,166.80213928222656,7.989853858947754
306.0,11.25,10.214641571044922,38.73666763305664,8.002197265625,166.78851318359375,7.989853858947754
307.0,11.25,10.214641571044922,38.91321563720703,8.002197265625,166.7718048095703,7.989853858947754
308.0,11.25,10.214653015136719,39.089439392089844,8.002197265625,166.7520294189453,7.989853858947754
309.0,11.25,10.214639663696289,39.26529312133789,8.002197265625,166.72915649414062,7.989853858947754
310.0,11.25,10.214654922485352,39.44071960449219,8.002197265625,166.7032470703125,7.989853858947754
311.0,11.25,10.214646339416504,39.61566925048828,8.002197265625,166.67425537109375,7.989853858947754
312.0,11.25,10.214634895324707,39.79008865356445,8.002197265625,166.6422119140625,7.989853858947754
313.0,11.25,10.214640617370605,39.96391677856445,8.002197265625,166.60714721679688,7.989853858947754
314.0,11.25,10.214640617370605,40.13711166381836,8.002197265625,166.5690460205078,7.989853858947754
315.0,11.25,10.21464729309082,40.30961227416992,8.002197265625,166.52793884277344,7.989853858947754
316.0,11.25,10.214654922485352,40.48136901855469,8.002197265625,166.48382568359375,7.989853858947754
317.0,11.25,10.214648246765137,40.6523323059082,8.002197265625,166.43670654296875,7.989853858947754
318.0,11.25,10.214641571044922,40.822444915771484,8.002197265625,166.38661193847656,7.989853858947754
319.0,11.25,10.21463394165039,40.99165344238281,8.002197265625,166.33355712890625,7.989853858947754
320.0,11.25,10.214646339416504,41.15991973876953,8.002197265625,166.27757263183594,7.989853858947754
321.0,11.25,10.214652061462402,41.32717514038086,8.002197265625,166.21865844726562,7.989853858947754
322.0,11.25,10.214627265930176,41.49338150024414,8.002197265625,166.15679931640625,7.989853858947754
323.0,11.25,10.214637756347656,41.65848159790039,8.002197265625,166.0920867919922,7.989853858947754
324.0,11.25,10.21465015411377,41.822425842285156,8.002197265625,166.02450561523438,7.989853858947754
325.0,11.25,10.214632987976074,41.98516845703125,8.002197265625,165.95404052734375,7.989853858947754
326.0,11.25,10.214635848999023,42.14665603637695,8.002197265625,165.88076782226562,7.989853858947754
327.0,11.25,10.214638710021973,42.30683898925781,8.002197265625,165.8046875,7.989853858947754
328.0,11.25,10.214646339416504,42.465667724609375,8.002197265625,165.725830078125,7.989853858947754
329.0,11.25,10.214639663696289,42.62310028076172,8.002197265625,165.64419555664062,7.989853858947754
330.0,11.25,10.214635848999023,42.77907943725586,8.002197265625,165.55982971191406,7.989853858947754
331.0,11.25,10.214641571044922,42.933570861816406,8.002197265625,165.47276306152344,7.989853858947754
332.0,11.25,10.214641571044922,43.086509704589844,8.002197265625,165.3830108642578,7.989853858947754
333.0,11.25,10.214630126953125,43.23786163330078,8.002197265625,165.29058837890625,7.989853858947754
334.0,11.25,10.21464729309082,43.387577056884766,8.002197265625,165.19557189941406,7.989853858947754
335.0,11.25,10.214630126953125,43.535614013671875,8.002197265625,165.09791564941406,7.989853858947754
336.0,11.25,10.214643478393555,43.681922912597656,8.002197265625,164.9977264404297,7.989853858947754
337.0,11.25,10.21465015411377,43.82646560668945,8.002197265625,164.89498901367188,7.989853858947754
338.0,11.25,10.214643478393555,43.96918487548828,8.002197265625,164.78973388671875,7.989853858947754
339.0,11.25,10.214653015136719,44.110050201416016,8.002197265625,164.68202209472656,7.989853858947754
340.0,11.25,10.214648246765137,44.24900817871094,8.002197265625,164.5718536376953,7.989853858947754
341.0,11.25,10.21464729309082,44.38603210449219,8.002197265625,164.4592742919922,7.989853858947754
342.0,11.25,10.214638710021973,44.52106475830078,8.002197265625,164.3443145751953,7.989853858947754
343.0,11.25,10.21463394165039,44.65407180786133,8.002197265625,164.22702026367188,7.989853858947754
344.0,11.25,10.214637756347656,44.78500747680664,8.002197265625,164.10743713378906,7.989853858947754
345.0,11.25,10.214651107788086,44.913841247558594,8.002197265625,163.985595703125,7.989853858947754
346.0,11.25,10.214645385742188,45.040531158447266,8.002197265625,163.8614959716797,7.989853858947754
347.0,11.25,10.214640617370605,45.1650276184082,8.002197265625,163.73521423339844,7.989853858947754
348.0,11.25,10.214641571044922,45.28730773925781,8.002197265625,163.60678100585938,7.989853858947754
349.0,11.25,10.214649200439453,45.407325744628906,8.002197265625,163.4762420654297,7.989853858947754
350.0,11.25,10.214641571044922,45.52504348754883,8.002197265625,163.34361267089844,7.989853858947754
351.0,11.25,10.214645385742188,45.640438079833984,8.002197265625,163.20895385742188,7.989853858947754
352.0,11.25,10.214640617370605,45.75345993041992,8.002197265625,163.07229614257812,7.989853858947754
353.0,11.25,10.214641571044922,45.86407470703125,8.002197265625,162.93370056152344,7.989853858947754
354.0,11.25,10.214638710021973,45.972259521484375,8.002197265625,162.79318237304688,7.989853858947754
355.0,11.25,10.214645385742188,46.077972412109375,8.002197265625,162.65081787109375,7.989853858947754
356.0,11.25,10.214640617370605,46.18118667602539,8.002197265625,162.50660705566406,7.989853858947754
357.0,11.25,10.214640617370605,46.28186798095703,8.002197265625,162.36062622070312,7.989853858947754
358.0,11.25,10.214641571044922,46.37998962402344,8.002197265625,162.21290588378906,7.989853858947754
359.0,11.25,10.214643478393555,46.47551345825195,8.002197265625,162.06350708007812,7.989853858947754
0.0,5.625,20.225326538085938,55.0954704284668,8.002197265625,167.20860290527344,7.989853858947754
1.0,5.625,20.22533416748047,55.27685546875,8.002197265625,166.90634155273438,7.989853858947754
2.0,5.625,20.225326538085938,55.452938079833984,8.002197265625,166.60093688964844,7.989853858947754
3.0,5.625,20.225332260131836,55.62366485595703,8.002197265625,166.2925262451172,7.989853858947754
4.0,5.625,20.225330352783203,55.78898239135742,8.002197265625,165.98117065429688,7.989853858947754
5.0,5.625,20.225322723388672,55.94883346557617,8.002197265625,165.66697692871094,7.989853858947754
6.0,5.625,20.225330352783203,56.103187561035156,8.002197265625,165.3500518798828,7.989853858947754
7.0,5.625,20.225324630737305,56.25197982788086,8.002197265625,165.0304718017578,7.989853858947754
8.0,5.625,20.225324630737305,56.39517593383789,8.002197265625,164.70834350585938,7.989853858947754
9.0,5.625,20.225330352783203,56.53273010253906,8.002197265625,164.38377380371094,7.989853858947754
10.0,5.625,20.225330352783203,56.66459274291992,8.002197265625,164.05685424804688,7.989853858947754
11.0,5.625,20.225330352783203,56.790733337402344,8.002197265625,163.72767639160156,7.989853858947754
12.0,5.625,20.225330352783203,56.911109924316406,8.002197265625,163.39634704589844,7.989853858947754
13.0,5.625,20.225326538085938,57.02568054199219,8.002197265625,163.06297302246094,7.989853858947754
14.0,5.625,20.22532844543457,57.13442611694336,8.002197265625,162.72763061523438,7.989853858947754
15.0,5.625,20.225322723388672,57.2372932434082,8.002197265625,162.39044189453125,7.989853858947754
16.0,5.625,20.225330352783203,57.334266662597656,8.002197265625,162.05154418945312,7.989853858947754
17.0,5.625,20.225324630737305,57.4253044128418,8.002197265625,161.71096801757812,7.989853858947754
18.0,5.625,20.225326538085938,57.5103874206543,8.002197265625,161.36888122558594,7.989853858947754
19.0,5.625,20.225322723388672,57.58948516845703,8.002197265625,161.0253448486328,7.989853858947754
20.0,5.625,20.225318908691406,57.662574768066406,8.002197265625,160.68048095703125,7.989853858947754
21.0,5.625,20.225326538085938,57.72964096069336,8.002197265625,160.33441162109375,7.989853858947754
22.0,5.625,20.225324630737305,57.79065704345703,8.002197265625,159.98719787597656,7.989853858947754
23.0,5.625,20.22532844543457,57.84560012817383,8.002197265625,159.63900756835938,7.989853858947754
24.0,5.625,20.225324630737305,57.89445495605469,8.002197265625,159.28988647460938,7.989853858947754
25.0,5.625,20.22532844543457,57.937217712402344,8.002197265625,158.93995666503906,7.989853858947754
26.0,5.625,20.22532081604004,57.973854064941406,8.002197265625,158.58935546875,7.989853858947754
27.0,5.625,20.225330352783203,58.0043830871582,8.002197265625,158.23817443847656,7.989853858947754
28.0,5.625,19.939725875854492,57.74407196044922,8.01701545715332,157.86924743652344,7.989853858947754
29.0,5.625,19.603229522705078,57.426326751708984,8.034473419189453,157.50770568847656,7.989853858947754
30.0,5.625,19.294525146484375,57.12986373901367,8.05048942565918,157.15835571289062,7.989853858947754
31.0,5.625,18.961286544799805,56.802757263183594,8.067778587341309,156.81939697265625,7.989853858947754
32.0,5.625,18.671573638916016,56.51325607299805,8.082809448242188,156.49159240722656,7.989853858947754
33.0,5.625,18.394493103027344,56.230777740478516,8.097185134887695,156.17359924316406,7.989853858947754
34.0,5.625,18.129396438598633,55.95492172241211,8.110939025878906,155.86489868164062,7.989853858947754
35.0,5.625,17.761856079101562,55.57185745239258,8.13000774383545,155.57199096679688,7.989853858947754
36.0,5.625,17.478744506835938,55.26823425292969,8.144696235656738,155.28550720214844,7.989853858947754
37.0,5.625,17.178329467773438,54.942893981933594,8.160283088684082,155.01097106933594,7.989853858947754
38.0,5.625,16.92438507080078,54.65946960449219,8.173458099365234,154.74208068847656,7.989853858947754
39.0,5.625,16.691226959228516,54.392513275146484,8.185555458068848,154.47982788085938,7.989853858947754
40.0,5.625,16.482187271118164,54.14541244506836,8.19640064239502,154.22274780273438,7.989853858947754
41.0,5.625,16.272056579589844,53.89335632324219,8.20730209350586,153.97378540039062,7.989853858947754
42.0,5.625,16.06195068359375,53.637657165527344,8.2182035446167,153.7328643798828,7.989853858947754
43.0,5.625,15.859971046447754,53.38644790649414,8.228682518005371,153.49842834472656,7.989853858947754
44.0,5.625,15.69700813293457,53.16994857788086,8.237137794494629,153.26336669921875,7.989853858947754
45.0,5.625,15.556754112243652,52.97207260131836,8.244414329528809,153.02960205078125,7.989853858947754
46.0,5.625,15.423190116882324,52.7772102355957,8.251343727111816,152.80003356933594,7.989853858947754
47.0,5.625,15.304207801818848,52.59299850463867,8.257516860961914,152.5722198486328,7.989853858947754
48.0,5.625,15.193512916564941,52.41334915161133,8.263259887695312,152.34730529785156,7.989853858947754
49.0,5.625,15.13868236541748,52.283565521240234,8.266104698181152,152.11061096191406,7.989853858947754
50.0,5.625,15.089211463928223,52.1550407409668,8.268671989440918,151.8754119873047,7.989853858947754
51.0,5.625,14.974777221679688,51.961570739746094,8.274608612060547,151.66500854492188,7.989853858947754
52.0,5.625,14.872461318969727,51.77647018432617,8.279916763305664,151.45562744140625,7.989853858947754
53.0,5.625,14.775297164916992,51.59317398071289,8.284957885742188,151.24929809570312,7.989853858947754
54.0,5.625,14.656497955322266,51.38698196411133,8.291121482849121,151.05604553222656,7.989853858947754
55.0,5.625,14.52290153503418,51.164710998535156,8.298053741455078,150.8742218017578,7.989853858947754
56.0,5.625,14.401188850402832,50.951045989990234,8.304368019104004,150.69351196289062,7.989853858947754
57.0,5.625,14.330384254455566,50.78103256225586,8.308040618896484,150.49656677246094,7.989853858947754
58.0,5.625,14.277887344360352,50.6245002746582,8.310765266418457,150.29554748535156,7.989853858947754
59.0,5.625,14.229618072509766,50.46864700317383,8.31326961517334,150.09616088867188,7.989853858947754
60.0,5.625,14.18800163269043,50.31557083129883,8.315428733825684,149.8970947265625,7.989853858947754
61.0,5.625,14.154253005981445,50.16623306274414,8.317179679870605,149.69749450683594,7.989853858947754
62.0,5.625,14.124639511108398,50.01728820800781,8.318716049194336,149.4989471435547,7.989853858947754
63.0,5.625,14.08972454071045,49.86064910888672,8.320528030395508,149.3062286376953,7.989853858947754
64.0,5.625,14.025148391723633,49.67601776123047,8.323878288269043,149.13272094726562,7.989853858947754
65.0,5.625,13.9511137008667,49.48113250732422,8.327718734741211,148.9686279296875,7.989853858947754
66.0,5.625,13.888039588928223,49.29315185546875,8.330991744995117,148.80282592773438,7.989853858947754
67.0,5.625,13.878194808959961,49.14619445800781,8.331501960754395,148.61033630371094,7.989853858947754
68.0,5.625,13.880102157592773,49.00543212890625,8.331402778625488,148.41358947753906,7.989853858947754
69.0,5.625,13.882211685180664,48.861392974853516,8.331294059753418,148.21917724609375,7.989853858947754
70.0,5.625,13.863332748413086,48.69757080078125,8.332273483276367,148.04034423828125,7.989853858947754
71.0,5.625,13.832252502441406,48.52145767211914,8.33388614654541,147.87240600585938,7.989853858947754
72.0,5.625,13.794626235961914,48.337825775146484,8.335837364196777,147.7122344970703,7.989853858947754
73.0,5.625,13.80363655090332,48.18671798706055,8.335370063781738,147.52490234375,7.989853858947754
74.0,5.625,13.839627265930176,48.05210876464844,8.333502769470215,147.3218994140625,7.989853858947754
75.0,5.625,13.802000045776367,47.86025619506836,8.335454940795898,147.1714630126953,7.989853858947754
76.0,5.625,13.760753631591797,47.6636848449707,8.337594985961914,147.02740478515625,7.989853858947754
77.0,5.625,13.714027404785156,47.461299896240234,8.340019226074219,146.89120483398438,7.989853858947754
78.0,5.625,13.769308090209961,47.327239990234375,8.337151527404785,146.68519592285156,7.989853858947754
79.0,5.625,13.826828002929688,47.190406799316406,8.33416748046875,146.479248046875,7.989853858947754
80.0,5.625,13.82272720336914,47.00851058959961,8.334379196166992,146.3211669921875,7.989853858947754
81.0,5.625,13.815078735351562,46.821632385253906,8.334776878356934,146.1690216064453,7.989853858947754
82.0,5.625,13.790825843811035,46.6216926574707,8.336034774780273,146.03305053710938,7.989853858947754
83.0,5.625,13.77075481414795,46.422332763671875,8.337076187133789,145.8975830078125,7.989853858947754
84.0,5.625,13.803821563720703,46.25319290161133,8.335360527038574,145.7237091064453,7.989853858947754
85.0,5.625,13.821114540100098,46.07122802734375,8.334464073181152,145.5651397705078,7.989853858947754
86.0,5.625,13.842144012451172,45.88844299316406,8.333372116088867,145.40655517578125,7.989853858947754
87.0,5.625,13.838777542114258,45.68882751464844,8.33354663848877,145.27105712890625,7.989853858947754
88.0,5.625,13.84445858001709,45.49190902709961,8.333251953125,145.13156127929688,7.989853858947754
89.0,5.625,13.843568801879883,45.28898620605469,8.333298683166504,145.00100708007812,7.989853858947754
90.0,5.625,13.84475326538086,45.084903717041016,8.333237648010254,144.87225341796875,7.989853858947754
91.0,5.625,13.840076446533203,44.87562942504883,8.333479881286621,144.7521209716797,7.989853858947754
92.0,5.625,13.814635276794434,44.65414810180664,8.334799766540527,144.65374755859375,7.989853858947754
93.0,5.625,13.816697120666504,44.44446563720703,8.33469295501709,144.5353240966797,7.989853858947754
94.0,5.625,13.859469413757324,44.25147247314453,8.332473754882812,144.38449096679688,7.989853858947754
95.0,5.625,13.90650749206543,44.057106018066406,8.330033302307129,144.23289489746094,7.989853858947754
96.0,5.625,13.911598205566406,43.84137725830078,8.329769134521484,144.12217712402344,7.989853858947754
97.0,5.625,13.859843254089355,43.600162506103516,8.332453727722168,144.06687927246094,7.989853858947754
98.0,5.625,13.812337875366211,43.36052322387695,8.334918975830078,144.01226806640625,7.989853858947754
99.0,5.625,13.839929580688477,43.14939498901367,8.333487510681152,143.8928680419922,7.989853858947754
100.0,5.625,13.855812072753906,42.931488037109375,8.332663536071777,143.78787231445312,7.989853858947754
101.0,5.625,13.847620964050293,42.70311737060547,8.333087921142578,143.70912170410156,7.989853858947754
102.0,5.625,13.80246639251709,42.461238861083984,8.335431098937988,143.66921997070312,7.989853858947754
103.0,5.625,13.761335372924805,42.22071838378906,8.337564468383789,143.62998962402344,7.989853858947754
104.0,5.625,13.779007911682129,41.997859954833984,8.336647987365723,143.53916931152344,7.989853858947754
105.0,5.625,13.788057327270508,41.77070999145508,8.336177825927734,143.46041870117188,7.989853858947754
106.0,5.625,13.801034927368164,41.543113708496094,8.335505485534668,143.38182067871094,7.989853858947754
107.0,5.625,13.81002426147461,41.31296920776367,8.335039138793945,143.31100463867188,7.989853858947754
108.0,5.625,13.797231674194336,41.076412200927734,8.335701942443848,143.2653350830078,7.989853858947754
109.0,5.625,13.768198013305664,40.8358039855957,8.33720874786377,143.23968505859375,7.989853858947754
110.0,5.625,13.740837097167969,40.595611572265625,8.338627815246582,143.21670532226562,7.989853858947754
111.0,5.625,13.735821723937988,40.35958480834961,8.338888168334961,143.1760711669922,7.989853858947754
112.0,5.625,13.760504722595215,40.12784194946289,8.337608337402344,143.11032104492188,7.989853858947754
113.0,5.625,13.782426834106445,39.8941535949707,8.336471557617188,143.05128479003906,7.989853858947754
114.0,5.625,13.818979263305664,39.66099166870117,8.334573745727539,142.98179626464844,7.989853858947754
115.0,5.625,13.858320236206055,39.426334381103516,8.332533836364746,142.91354370117188,7.989853858947754
116.0,5.625,13.876947402954102,39.18787384033203,8.33156681060791,142.8699188232422,7.989853858947754
117.0,5.625,13.905418395996094,38.94913101196289,8.330089569091797,142.8206329345703,7.989853858947754
118.0,5.625,13.945833206176758,38.70978546142578,8.327993392944336,142.76358032226562,7.989853858947754
119.0,5.625,14.013882637023926,38.469966888427734,8.324461936950684,142.68310546875,7.989853858947754
120.0,5.625,14.051628112792969,38.22681427001953,8.322504043579102,142.6370391845703,7.989853858947754
121.0,5.625,14.066637992858887,37.982059478759766,8.321724891662598,142.617919921875,7.989853858947754
122.0,5.625,14.111045837402344,37.736473083496094,8.319421768188477,142.57371520996094,7.989853858947754
123.0,5.625,14.136672973632812,37.48987579345703,8.31809139251709,142.5525665283203,7.989853858947754
124.0,5.625,14.127634048461914,37.24403762817383,8.318560600280762,142.57032775878906,7.989853858947754
125.0,5.625,14.137077331542969,36.99755859375,8.318070411682129,142.57394409179688,7.989853858947754
126.0,5.625,14.157782554626465,36.7501335144043,8.316996574401855,142.57066345214844,7.989853858947754
127.0,5.625,14.176384925842285,36.502532958984375,8.316031455993652,142.57382202148438,7.989853858947754
128.0,5.625,14.17038631439209,36.25749206542969,8.3163423538208,142.60574340820312,7.989853858947754
129.0,5.625,14.138298034667969,36.016571044921875,8.318007469177246,142.66775512695312,7.989853858947754
130.0,5.625,14.170185089111328,35.76783752441406,8.316352844238281,142.6707000732422,7.989853858947754
131.0,5.625,14.292279243469238,35.50372314453125,8.310017585754395,142.5892333984375,7.989853858947754
132.0,5.625,14.413893699645996,35.23622512817383,8.303709030151367,142.5132293701172,7.989853858947754
133.0,5.625,14.437345504760742,34.98495864868164,8.302492141723633,142.53836059570312,7.989853858947754
134.0,5.625,14.451480865478516,34.73579025268555,8.301758766174316,142.57704162597656,7.989853858947754
135.0,5.625,14.486287117004395,34.482261657714844,8.299952507019043,142.6000518798828,7.989853858947754
136.0,5.625,14.496271133422852,34.23480224609375,8.299434661865234,142.65162658691406,7.989853858947754
137.0,5.625,14.545432090759277,33.977638244628906,8.296883583068848,142.66986083984375,7.989853858947754
138.0,5.625,14.714519500732422,33.68592834472656,8.288111686706543,142.5780029296875,7.989853858947754
139.0,5.625,14.831214904785156,33.40559768676758,8.28205680847168,142.54200744628906,7.989853858947754
140.0,5.625,14.880276679992676,33.144222259521484,8.279511451721191,142.57557678222656,7.989853858947754
141.0,5.625,14.968958854675293,32.86943817138672,8.274910926818848,142.57669067382812,7.989853858947754
142.0,5.625,15.094907760620117,32.580204010009766,8.268375396728516,142.54827880859375,7.989853858947754
143.0,5.625,15.214035034179688,32.29096984863281,8.262195587158203,142.53204345703125,7.989853858947754
144.0,5.625,15.19003963470459,32.05434799194336,8.26344108581543,142.65365600585938,7.989853858947754
145.0,5.625,15.233335494995117,31.793432235717773,8.261194229125977,142.7176055908203,7.989853858947754
146.0,5.625,15.356809616088867,31.49974250793457,8.25478744506836,142.71356201171875,7.989853858947754
147.0,5.625,15.46100902557373,31.212369918823242,8.249382019042969,142.73292541503906,7.989853858947754
148.0,5.625,15.566587448120117,30.923131942749023,8.243904113769531,142.75686645507812,7.989853858947754
149.0,5.625,15.726003646850586,30.60786247253418,8.235633850097656,142.739013671875,7.989853858947754
150.0,5.625,15.898609161376953,30.283584594726562,8.226677894592285,142.71640014648438,7.989853858947754
151.0,5.625,16.02558708190918,29.978790283203125,8.22008991241455,142.7405548095703,7.989853858947754
152.0,5.625,16.12000846862793,29.68907356262207,8.215191841125488,142.79913330078125,7.989853858947754
153.0,5.625,16.27169418334961,29.369104385375977,8.207322120666504,142.8148651123047,7.989853858947754
154.0,5.625,16.414560317993164,29.05194091796875,8.199909210205078,142.8450164794922,7.989853858947754
155.0,5.625,16.559785842895508,28.73197364807129,8.192374229431152,142.8800811767578,7.989853858947754
156.0,5.625,16.73918914794922,28.391218185424805,8.183067321777344,142.89402770996094,7.989853858947754
157.0,5.625,16.936866760253906,28.037593841552734,8.172810554504395,142.90086364746094,7.989853858947754
158.0,5.625,17.132984161376953,27.682283401489258,8.162635803222656,142.91714477539062,7.989853858947754
159.0,5.625,17.34061050415039,27.317575454711914,8.151863098144531,142.9325714111328,7.989853858947754
160.0,5.625,17.555015563964844,26.94613265991211,8.140740394592285,142.9512939453125,7.989853858947754
161.0,5.625,17.775188446044922,26.568496704101562,8.129316329956055,142.9744110107422,7.989853858947754
162.0,5.625,17.99649429321289,26.18764877319336,8.11783504486084,143.00572204589844,7.989853858947754
163.0,5.625,18.256567001342773,25.778827667236328,8.104341506958008,143.01722717285156,7.989853858947754
164.0,5.625,18.61838722229004,25.298215866088867,8.085569381713867,142.96401977539062,7.989853858947754
165.0,5.625,18.753868103027344,24.96782112121582,8.078540802001953,143.08738708496094,7.989853858947754
166.0,5.625,18.87962532043457,24.644739151000977,8.072015762329102,143.22506713867188,7.989853858947754
167.0,5.625,19.18585968017578,24.193944931030273,8.056127548217773,143.24365234375,7.989853858947754
168.0,5.625,19.45551300048828,23.766340255737305,8.042137145996094,143.29908752441406,7.989853858947754
169.0,5.625,19.702098846435547,23.353565216064453,8.029343605041504,143.38096618652344,7.989853858947754
170.0,5.625,19.959144592285156,22.931581497192383,8.016007423400879,143.46630859375,7.989853858947754
171.0,5.625,20.225322723388672,22.501270294189453,8.002197265625,143.5564727783203,7.989853858947754
172.0,5.625,20.225337982177734,22.274829864501953,8.002197265625,143.82662963867188,7.989853858947754
173.0,5.625,20.225326538085938,22.05314064025879,8.002197265625,144.10073852539062,7.989853858947754
174.0,5.625,20.225326538085938,21.836273193359375,8.002197265625,144.37864685058594,7.989853858947754
175.0,5.625,20.225322723388672,21.624286651611328,8.002197265625,144.66030883789062,7.989853858947754
176.0,5.625,20.22532844543457,21.417245864868164,8.002197265625,144.94561767578125,7.989853858947754
177.0,5.625,20.225330352783203,21.21521759033203,8.002197265625,145.2344970703125,7.989853858947754
178.0,5.625,20.22533416748047,21.018259048461914,8.002197265625,145.52685546875,7.989853858947754
179.0,5.625,20.225332260131836,20.82643699645996,8.002197265625,145.82261657714844,7.989853858947754
180.0,5.625,20.225326538085938,20.63980484008789,8.002197265625,146.12168884277344,7.989853858947754
181.0,5.625,20.225332260131836,20.458419799804688,8.002197265625,146.4239501953125,7.989853858947754
182.0,5.625,20.22532844543457,20.282337188720703,8.002197265625,146.72935485839844,7.989853858947754
183.0,5.625,20.22533416748047,20.111610412597656,8.002197265625,147.0377655029297,7.989853858947754
184.0,5.625,20.22532844543457,19.94629669189453,8.002197265625,147.34912109375,7.989853858947754
185.0,5.625,20.225322723388672,19.786441802978516,8.002197265625,147.66331481933594,7.989853858947754
186.0,5.625,20.225326538085938,19.632089614868164,8.002197265625,147.98023986816406,7.989853858947754
187.0,5.625,20.225330352783203,19.483291625976562,8.002197265625,148.29981994628906,7.989853858947754
188.0,5.625,20.225324630737305,19.340099334716797,8.002197265625,148.6219482421875,7.989853858947754
189.0,5.625,20.225326538085938,19.20254898071289,8.002197265625,148.94651794433594,7.989853858947754
190.0,5.625,20.225332260131836,19.070680618286133,8.002197265625,149.2734375,7.989853858947754
191.0,5.625,20.22532844543457,18.944541931152344,8.002197265625,149.6026153564453,7.989853858947754
192.0,5.625,20.22532844543457,18.824161529541016,8.002197265625,149.9339599609375,7.989853858947754
193.0,5.625,20.225330352783203,18.70958709716797,8.002197265625,150.267333984375,7.989853858947754
194.0,5.625,20.22532844543457,18.600849151611328,8.002197265625,150.6026611328125,7.989853858947754
195.0,5.625,20.225330352783203,18.49797821044922,8.002197265625,150.93983459472656,7.989853858947754
196.0,5.625,20.225330352783203,18.401010513305664,8.002197265625,151.27874755859375,7.989853858947754
197.0,5.625,20.225322723388672,18.30997085571289,8.002197265625,151.61932373046875,7.989853858947754
198.0,5.625,20.22532844543457,18.224885940551758,8.002197265625,151.96141052246094,7.989853858947754
199.0,5.625,20.22532081604004,18.145790100097656,8.002197265625,152.30494689941406,7.989853858947754
200.0,5.625,20.225324630737305,18.072694778442383,8.002197265625,152.64981079101562,7.989853858947754
201.0,5.625,20.225322723388672,18.00563621520996,8.002197265625,152.99588012695312,7.989853858947754
202.0,5.625,20.225326538085938,17.944618225097656,8.002197265625,153.3430938720703,7.989853858947754
203.0,5.625,20.22533416748047,17.88966941833496,8.002197265625,153.6912841796875,7.989853858947754
204.0,5.625,20.225330352783203,17.8408145904541,8.002197265625,154.0404052734375,7.989853858947754
205.0,5.625,20.225324630737305,17.79806137084961,8.002197265625,154.3903350830078,7.989853858947754
206.0,5.625,20.225324630737305,17.761417388916016,8.002197265625,154.74093627929688,7.989853858947754
207.0,5.625,20.22532844543457,17.730894088745117,8.002197265625,155.0921173095703,7.989853858947754
208.0,5.625,20.225326538085938,17.70650863647461,8.002197265625,155.44378662109375,7.989853858947754
209.0,5.625,20.225330352783203,17.688261032104492,8.002197265625,155.79583740234375,7.989853858947754
210.0,5.625,20.225330352783203,17.676162719726562,8.002197265625,156.14816284179688,7.989853858947754
211.0,5.625,20.225332260131836,17.670215606689453,8.002197265625,156.50062561035156,7.989853858947754
212.0,5.625,20.22532844543457,17.67042350769043,8.002197265625,156.8531494140625,7.989853858947754
213.0,5.625,20.225326538085938,17.676782608032227,8.002197265625,157.2056121826172,7.989853858947754
214.0,5.625,20.22532844543457,17.689289093017578,8.002197265625,157.5579071044922,7.989853858947754
215.0,5.625,20.225326538085938,17.707942962646484,8.002197265625,157.90992736816406,7.989853858947754
216.0,5.625,20.225330352783203,17.73273468017578,8.002197265625,158.26158142089844,7.989853858947754
217.0,5.625,20.22532844543457,17.76366424560547,8.002197265625,158.61273193359375,7.989853858947754
218.0,5.625,20.225330352783203,17.800716400146484,8.002197265625,158.9633026123047,7.989853858947754
219.0,5.625,20.225326538085938,17.843883514404297,8.002197265625,159.31317138671875,7.989853858947754
220.0,5.625,20.225326538085938,17.893146514892578,8.002197265625,159.6622314453125,7.989853858947754
221.0,5.625,20.225326538085938,17.948495864868164,8.002197265625,160.0103759765625,7.989853858947754
222.0,5.625,20.225326538085938,18.009910583496094,8.002197265625,160.3574981689453,7.989853858947754
223.0,5.625,20.225324630737305,18.077375411987305,8.002197265625,160.7034912109375,7.989853858947754
224.0,5.625,20.22532844543457,18.15086555480957,8.002197265625,161.0482635498047,7.989853858947754
225.0,5.625,20.225330352783203,18.230365753173828,8.002197265625,161.3917236328125,7.989853858947754
226.0,5.625,20.2253360748291,18.31584358215332,8.002197265625,161.7337188720703,7.989853858947754
227.0,5.625,20.225326538085938,18.407283782958984,8.002197265625,162.07415771484375,7.989853858947754
228.0,5.625,20.225332260131836,18.5046443939209,8.002197265625,162.4129638671875,7.989853858947754
229.0,5.625,20.225332260131836,18.607908248901367,8.002197265625,162.75003051757812,7.989853858947754
230.0,5.625,20.225326538085938,18.717044830322266,8.002197265625,163.08523559570312,7.989853858947754
231.0,5.625,20.225330352783203,18.831998825073242,8.002197265625,163.41847229003906,7.989853858947754
232.0,5.625,20.225326538085938,18.95276641845703,8.002197265625,163.74966430664062,7.989853858947754
233.0,5.625,20.225330352783203,19.079282760620117,8.002197265625,164.0786895751953,7.989853858947754
234.0,5.625,20.225332260131836,19.211530685424805,8.002197265625,164.4054718017578,7.989853858947754
235.0,5.625,20.225330352783203,19.349464416503906,8.002197265625,164.72988891601562,7.989853858947754
236.0,5.625,20.22533416748047,19.493030548095703,8.002197265625,165.05184936523438,7.989853858947754
237.0,5.625,20.225332260131836,19.642192840576172,8.002197265625,165.37124633789062,7.989853858947754
238.0,5.625,20.225326538085938,19.79691505432129,8.002197265625,165.68798828125,7.989853858947754
239.0,5.625,20.225326538085938,19.957134246826172,8.002197265625,166.00198364257812,7.989853858947754
240.0,5.625,20.225326538085938,20.122819900512695,8.002197265625,166.3131561279297,7.989853858947754
241.0,5.625,20.225330352783203,20.293901443481445,8.002197265625,166.6213836669922,7.989853858947754
242.0,5.625,20.225326538085938,20.4703369140625,8.002197265625,166.9265594482422,7.989853858947754
243.0,5.625,20.225341796875,20.65206527709961,8.002197265625,167.2286376953125,7.989853858947754
244.0,5.625,20.225324630737305,20.839054107666016,8.002197265625,167.5274658203125,7.989853858947754
245.0,5.625,20.22533416748047,21.031219482421875,8.002197265625,167.82301330566406,7.989853858947754
246.0,5.625,20.225326538085938,21.228517532348633,8.002197265625,168.11514282226562,7.989853858947754
247.0,5.625,20.225322723388672,21.430879592895508,8.002197265625,168.40377807617188,7.989853858947754
248.0,5.625,20.225324630737305,21.63825225830078,8.002197265625,168.68885803222656,7.989853858947754
249.0,5.625,20.225324630737305,21.850570678710938,8.002197265625,168.97027587890625,7.989853858947754
250.0,5.625,20.225330352783203,22.067758560180664,8.002197265625,169.24794006347656,7.989853858947754
251.0,5.625,20.225326538085938,22.289762496948242,8.002197265625,169.52175903320312,7.989853858947754
252.0,5.625,20.225332260131836,22.51651954650879,8.002197265625,169.79168701171875,7.989853858947754
253.0,5.625,20.22533416748047,22.747943878173828,8.002197265625,170.05760192871094,7.989853858947754
254.0,5.625,20.22532844543457,22.983976364135742,8.002197265625,170.31942749023438,7.989853858947754
255.0,5.625,20.225326538085938,23.224544525146484,8.002197265625,170.5771026611328,7.989853858947754
256.0,5.625,20.225322723388672,23.46957015991211,8.002197265625,170.83053588867188,7.989853858947754
257.0,5.625,20.225330352783203,23.71898078918457,8.002197265625,171.0796661376953,7.989853858947754
258.0,5.625,20.225332260131836,23.97270393371582,8.002197265625,171.32440185546875,7.989853858947754
259.0,5.625,20.225326538085938,24.23066520690918,8.002197265625,171.56466674804688,7.989853858947754
260.0,5.625,20.225318908691406,24.492774963378906,8.002197265625,171.80038452148438,7.989853858947754
261.0,5.625,20.2253360748291,24.758956909179688,8.002197265625,172.03152465820312,7.989853858947754
262.0,5.625,20.225330352783203,25.029130935668945,8.002197265625,172.25794982910156,7.989853858947754
263.0,5.625,20.22533416748047,25.3032169342041,8.002197265625,172.47964477539062,7.989853858947754
264.0,5.625,20.2253360748291,25.581134796142578,8.002197265625,172.69651794433594,7.989853858947754
265.0,5.625,20.225324630737305,25.86279296875,8.002197265625,172.9084930419922,7.989853858947754
266.0,5.625,20.22531509399414,26.148109436035156,8.002197265625,173.1155242919922,7.989853858947754
267.0,5.625,20.225330352783203,26.436986923217773,8.002197265625,173.31756591796875,7.989853858947754
268.0,5.625,20.225324630737305,26.72934913635254,8.002197265625,173.51451110839844,7.989853858947754
269.0,5.625,20.225326538085938,27.025117874145508,8.002197265625,173.7063446044922,7.989853858947754
270.0,5.625,20.225324630737305,27.324176788330078,8.002197265625,173.89297485351562,7.989853858947754
271.0,5.625,20.225337982177734,27.62644386291504,8.002197265625,174.07437133789062,7.989853858947754
272.0,5.625,20.225330352783203,27.93183708190918,8.002197265625,174.2504425048828,7.989853858947754
273.0,5.625,20.225330352783203,28.240262985229492,8.002197265625,174.42117309570312,7.989853858947754
274.0,5.625,20.225326538085938,28.55161476135254,8.002197265625,174.58648681640625,7.989853858947754
275.0,5.625,20.225337982177734,28.865800857543945,8.002197265625,174.74635314941406,7.989853858947754
276.0,5.625,20.225330352783203,29.182729721069336,8.002197265625,174.90069580078125,7.989853858947754
277.0,5.625,20.225324630737305,29.50230598449707,8.002197265625,175.0494842529297,7.989853858947754
278.0,5.625,20.225330352783203,29.824438095092773,8.002197265625,175.19268798828125,7.989853858947754
279.0,5.625,20.225322723388672,30.14901351928711,8.002197265625,175.33023071289062,7.989853858947754
280.0,5.625,20.225324630737305,30.475933074951172,8.002197265625,175.46209716796875,7.989853858947754
281.0,5.625,20.22532844543457,30.80511474609375,8.002197265625,175.58824157714844,7.989853858947754
282.0,5.625,20.225330352783203,31.136436462402344,8.002197265625,175.7086181640625,7.989853858947754
283.0,5.625,20.225332260131836,31.469825744628906,8.002197265625,175.8231964111328,7.989853858947754
284.0,5.625,20.225326538085938,31.80515480041504,8.002197265625,175.9319305419922,7.989853858947754
285.0,5.625,20.225330352783203,32.14232635498047,8.002197265625,176.03480529785156,7.989853858947754
286.0,5.625,20.225332260131836,32.48124313354492,8.002197265625,176.13177490234375,7.989853858947754
287.0,5.625,20.225324630737305,32.821800231933594,8.002197265625,176.22280883789062,7.989853858947754
288.0,5.625,20.225322723388672,33.16390609741211,8.002197265625,176.30789184570312,7.989853858947754
289.0,5.625,20.225326538085938,33.50743103027344,8.002197265625,176.38699340820312,7.989853858947754
290.0,5.625,20.225322723388672,33.852291107177734,8.002197265625,176.4600830078125,7.989853858947754
291.0,5.625,20.2253360748291,34.19837188720703,8.002197265625,176.52716064453125,7.989853858947754
292.0,5.625,20.225330352783203,34.545562744140625,8.002197265625,176.58816528320312,7.989853858947754
293.0,5.625,20.225332260131836,34.89378356933594,8.002197265625,176.6431121826172,7.989853858947754
294.0,5.625,20.225332260131836,35.242897033691406,8.002197265625,176.6919708251953,7.989853858947754
295.0,5.625,20.225330352783203,35.592811584472656,8.002197265625,176.73472595214844,7.989853858947754
296.0,5.625,20.225322723388672,35.943416595458984,8.002197265625,176.7713623046875,7.989853858947754
297.0,5.625,20.22532081604004,36.29460906982422,8.002197265625,176.8018798828125,7.989853858947754
298.0,5.625,20.225330352783203,36.64629364013672,8.002197265625,176.82627868652344,7.989853858947754
299.0,5.625,20.225322723388672,36.99833679199219,8.002197265625,176.84451293945312,7.989853858947754
300.0,5.625,20.225324630737305,37.35064697265625,8.002197265625,176.8566131591797,7.989853858947754
301.0,5.625,20.225313186645508,37.70310974121094,8.002197265625,176.862548828125,7.989853858947754
302.0,5.625,20.2253360748291,38.05563735961914,8.002197265625,176.86236572265625,7.989853858947754
303.0,5.625,20.225343704223633,38.40809631347656,8.002197265625,176.85601806640625,7.989853858947754
304.0,5.625,20.225324630737305,38.76039123535156,8.002197265625,176.84349060058594,7.989853858947754
305.0,5.625,20.225330352783203,39.1124153137207,8.002197265625,176.82484436035156,7.989853858947754
306.0,5.625,20.225330352783203,39.46406173706055,8.002197265625,176.800048828125,7.989853858947754
307.0,5.625,20.225330352783203,39.815223693847656,8.002197265625,176.7691192626953,7.989853858947754
308.0,5.625,20.225318908691406,40.16579055786133,8.002197265625,176.7320556640625,7.989853858947754
309.0,5.625,20.225330352783203,40.51565170288086,8.002197265625,176.68890380859375,7.989853858947754
310.0,5.625,20.225324630737305,40.86471176147461,8.002197265625,176.63963317871094,7.989853858947754
311.0,5.625,20.22532844543457,41.21285629272461,8.002197265625,176.58428955078125,7.989853858947754
312.0,5.625,20.225313186645508,41.55998992919922,8.002197265625,176.52285766601562,7.989853858947754
313.0,5.625,20.22533416748047,41.9059944152832,8.002197265625,176.45541381835938,7.989853858947754
314.0,5.625,20.225339889526367,42.250762939453125,8.002197265625,176.38192749023438,7.989853858947754
315.0,5.625,20.225326538085938,42.594200134277344,8.002197265625,176.3024139404297,7.989853858947754
316.0,5.625,20.225341796875,42.936195373535156,8.002197265625,176.21694946289062,7.989853858947754
317.0,5.625,20.22533416748047,43.27665710449219,8.002197265625,176.12550354003906,7.989853858947754
318.0,5.625,20.225332260131836,43.61546325683594,8.002197265625,176.02813720703125,7.989853858947754
319.0,5.625,20.225322723388672,43.9525146484375,8.002197265625,175.92486572265625,7.989853858947754
320.0,5.625,20.22533416748047,44.287715911865234,8.002197265625,175.8157501220703,7.989853858947754
321.0,5.625,20.2253360748291,44.6209602355957,8.002197265625,175.70079040527344,7.989853858947754
322.0,5.625,20.225326538085938,44.952152252197266,8.002197265625,175.58001708984375,7.989853858947754
323.0,5.625,20.225337982177734,45.28118133544922,8.002197265625,175.45350646972656,7.989853858947754
324.0,5.625,20.2253360748291,45.60795593261719,8.002197265625,175.32125854492188,7.989853858947754
325.0,5.625,20.225337982177734,45.932369232177734,8.002197265625,175.18333435058594,7.989853858947754
326.0,5.625,20.22533416748047,46.25432205200195,8.002197265625,175.03976440429688,7.989853858947754
327.0,5.625,20.2253360748291,46.573734283447266,8.002197265625,174.89059448242188,7.989853858947754
328.0,5.625,20.225330352783203,46.89048385620117,8.002197265625,174.73587036132812,7.989853858947754
329.0,5.625,20.22533416748047,47.20448684692383,8.002197265625,174.57565307617188,7.989853858947754
330.0,5.625,20.225317001342773,47.51564025878906,8.002197265625,174.4099578857422,7.989853858947754
331.0,5.625,20.225337982177734,47.82387161254883,8.002197265625,174.2388916015625,7.989853858947754
332.0,5.625,20.2253360748291,48.129058837890625,8.002197265625,174.0624542236328,7.989853858947754
333.0,5.625,20.225324630737305,48.43111801147461,8.002197265625,173.88070678710938,7.989853858947754
334.0,5.625,20.22533416748047,48.729957580566406,8.002197265625,173.69374084472656,7.989853858947754
335.0,5.625,20.22533416748047,49.02549362182617,8.002197265625,173.50157165527344,7.989853858947754
336.0,5.625,20.225322723388672,49.31763458251953,8.002197265625,173.30426025390625,7.989853858947754
337.0,5.625,20.225326538085938,49.606285095214844,8.002197265625,173.10189819335938,7.989853858947754
338.0,5.625,20.22532844543457,49.891357421875,8.002197265625,172.89453125,7.989853858947754
339.0,5.625,20.225330352783203,50.172767639160156,8.002197265625,172.68222045898438,7.989853858947754
340.0,5.625,20.225326538085938,50.45042419433594,8.002197265625,172.46502685546875,7.989853858947754
341.0,5.625,20.225332260131836,50.7242546081543,8.002197265625,172.24302673339844,7.989853858947754
342.0,5.625,20.22532844543457,50.994171142578125,8.002197265625,172.01626586914062,7.989853858947754
343.0,5.625,20.225326538085938,51.26008605957031,8.002197265625,171.7848358154297,7.989853858947754
344.0,5.625,20.225332260131836,51.52191925048828,8.002197265625,171.54881286621094,7.989853858947754
345.0,5.625,20.225330352783203,51.77959442138672,8.002197265625,171.30824279785156,7.989853858947754
346.0,5.625,20.225324630737305,52.03303909301758,8.002197265625,171.06320190429688,7.989853858947754
347.0,5.625,20.225326538085938,52.28215789794922,8.002197265625,170.8137969970703,7.989853858947754
348.0,5.625,20.225326538085938,52.52688980102539,8.002197265625,170.56007385253906,7.989853858947754
349.0,5.625,20.22532844543457,52.767154693603516,8.002197265625,170.3021240234375,7.989853858947754
350.0,5.625,20.22533416748047,53.00288391113281,8.002197265625,170.04002380371094,7.989853858947754
351.0,5.625,20.2253360748291,53.2340087890625,8.002197265625,169.77383422851562,7.989853858947754
352.0,5.625,20.225324630737305,53.46044158935547,8.002197265625,169.50364685058594,7.989853858947754
353.0,5.625,20.22533416748047,53.682132720947266,8.002197265625,169.2295684814453,7.989853858947754
354.0,5.625,20.225322723388672,53.89899826049805,8.002197265625,168.95164489746094,7.989853858947754
355.0,5.625,20.22532844543457,54.110984802246094,8.002197265625,168.6699981689453,7.989853858947754
356.0,5.625,20.22533416748047,54.31802749633789,8.002197265625,168.3846893310547,7.989853858947754
357.0,5.625,20.225332260131836,54.52006149291992,8.002197265625,168.09579467773438,7.989853858947754
358.0,5.625,20.22533416748047,54.71701431274414,8.002197265625,167.80343627929688,7.989853858947754
359.0,5.625,20.225332260131836,54.908836364746094,8.002197265625,167.50767517089844,7.989853858947754
0.0,0.0,41.08027267456055,72.85960388183594,9.029505729675293,178.1860809326172,7.989853858947754
1.0,0.0,41.16501235961914,73.30281066894531,9.029460906982422,177.615234375,7.989853858947754
2.0,0.0,41.20270538330078,73.6958236694336,9.029439926147461,177.01222229003906,7.989853858947754
3.0,0.0,41.379486083984375,74.20069122314453,9.029345512390137,176.46844482421875,7.989853858947754
4.0,0.0,41.603233337402344,74.73907470703125,9.02922534942627,175.93495178222656,7.989853858947754
5.0,0.0,41.70891571044922,75.16426086425781,9.029169082641602,175.33584594726562,7.989853858947754
6.0,0.0,42.04496765136719,75.78751373291016,9.0289888381958,174.82723999023438,7.989853858947754
7.0,0.0,42.38525390625,76.40812683105469,9.02880573272705,174.30430603027344,7.989853858947754
8.0,0.0,42.75452423095703,77.04850769042969,9.028608322143555,173.7767791748047,7.989853858947754
9.0,0.0,43.34585189819336,77.88713073730469,9.028290748596191,173.3175506591797,7.989853858947754
10.0,0.0,43.67706298828125,78.47962951660156,9.02811336517334,172.73846435546875,7.989853858947754
11.0,0.0,44.410404205322266,79.44044494628906,9.02772045135498,172.28517150878906,7.989853858947754
12.0,0.0,45.19890594482422,80.44956970214844,9.027297019958496,171.8216552734375,7.989853858947754
13.0,0.0,45.92503356933594,81.39583587646484,9.026907920837402,171.3076934814453,7.989853858947754
14.0,0.0,46.820072174072266,82.4979248046875,9.02642822265625,170.81631469726562,7.989853858947754
15.0,0.0,47.99158477783203,83.86083221435547,9.025799751281738,170.3697967529297,7.989853858947754
16.0,0.0,49.06991958618164,85.13165283203125,9.02522087097168,169.85487365722656,7.989853858947754
20.0,0.0,34.92861557006836,72.08374786376953,9.032805442810059,163.68408203125,7.989853858947754
21.0,0.0,33.15020751953125,70.45294189453125,9.033759117126465,162.75892639160156,7.989853858947754
22.0,0.0,31.593360900878906,69.01924896240234,9.03459358215332,161.92987060546875,7.989853858947754
23.0,0.0,30.12136459350586,67.65090942382812,9.035383224487305,161.1654815673828,7.989853858947754
24.0,0.0,28.820322036743164,66.4352798461914,9.036080360412598,160.4730987548828,7.989853858947754
25.0,0.0,27.7994441986084,65.48326110839844,9.036628723144531,159.8567352294922,7.989853858947754
26.0,0.0,26.580371856689453,64.32148742675781,9.03728199005127,159.2554931640625,7.989853858947754
27.0,0.0,25.36652946472168,63.15271759033203,9.037933349609375,158.69622802734375,7.989853858947754
28.0,0.0,24.69257926940918,62.511688232421875,9.038294792175293,158.21240234375,7.989853858947754
29.0,0.0,23.818872451782227,61.66212463378906,9.038763046264648,157.7425537109375,7.989853858947754
30.0,0.0,23.016592025756836,60.875335693359375,9.039193153381348,157.30482482910156,7.989853858947754
31.0,0.0,22.355485916137695,60.221923828125,9.03954792022705,156.89633178710938,7.989853858947754
32.0,0.0,21.67194175720215,59.53902816772461,9.03991413116455,156.5110321044922,7.989853858947754
33.0,0.0,21.08588981628418,58.94716262817383,9.040228843688965,156.14723205566406,7.989853858947754
34.0,0.0,20.58734130859375,58.436805725097656,9.040495872497559,155.8003692626953,7.989853858947754
35.0,0.0,20.036718368530273,57.86893081665039,9.040791511535645,155.4742431640625,7.989853858947754
36.0,0.0,19.573274612426758,57.383026123046875,9.04103946685791,155.1609649658203,7.989853858947754
37.0,0.0,19.176475524902344,56.958770751953125,9.041252136230469,154.85800170898438,7.989853858947754
38.0,0.0,18.83028793334961,56.580299377441406,9.041438102722168,154.563720703125,7.989853858947754
39.0,0.0,18.48866844177246,56.202003479003906,9.041621208190918,154.28150939941406,7.989853858947754
40.0,0.0,18.155126571655273,55.82765197753906,9.041800498962402,154.01065063476562,7.989853858947754
41.0,0.0,17.82874298095703,55.45659637451172,9.041975021362305,153.75096130371094,7.989853858947754
42.0,0.0,17.5119571685791,55.09148406982422,9.042144775390625,153.5016632080078,7.989853858947754
43.0,0.0,17.30788803100586,54.833614349365234,9.042254447937012,153.24191284179688,7.989853858947754
44.0,0.0,17.112306594848633,54.58027267456055,9.042359352111816,152.9883575439453,7.989853858947754
45.0,0.0,16.892520904541016,54.299766540527344,9.04247760772705,152.7482147216797,7.989853858947754
46.0,0.0,16.6823673248291,54.025352478027344,9.042590141296387,152.51429748535156,7.989853858947754
47.0,0.0,16.508153915405273,53.782501220703125,9.042683601379395,152.27923583984375,7.989853858947754
48.0,0.0,16.386249542236328,53.58659362792969,9.042749404907227,152.03659057617188,7.989853858947754
49.0,0.0,16.274736404418945,53.397010803222656,9.042808532714844,151.7963104248047,7.989853858947754
50.0,0.0,16.13661766052246,53.178619384765625,9.042882919311523,151.56964111328125,7.989853858947754
51.0,0.0,15.977100372314453,52.93690872192383,9.04296875,151.35621643066406,7.989853858947754
52.0,0.0,15.840160369873047,52.71361541748047,9.043042182922363,151.14178466796875,7.989853858947754
53.0,0.0,15.807004928588867,52.58409118652344,9.043059349060059,150.8956298828125,7.989853858947754
54.0,0.0,15.778785705566406,52.4550666809082,9.043074607849121,150.65042114257812,7.989853858947754
55.0,0.0,15.662113189697266,52.24080276489258,9.043137550354004,150.44309997558594,7.989853858947754
56.0,0.0,15.542553901672363,52.02115249633789,9.043201446533203,150.24261474609375,7.989853858947754
57.0,0.0,15.443696022033691,51.81760787963867,9.043254852294922,150.0389862060547,7.989853858947754
58.0,0.0,15.361083984375,51.625850677490234,9.043298721313477,149.83328247070312,7.989853858947754
59.0,0.0,15.297355651855469,51.44795227050781,9.043333053588867,149.62355041503906,7.989853858947754
60.0,0.0,15.2442626953125,51.276283264160156,9.04336166381836,149.41285705566406,7.989853858947754
61.0,0.0,15.190154075622559,51.10054016113281,9.043390274047852,149.20652770996094,7.989853858947754
62.0,0.0,15.137994766235352,50.92336654663086,9.043417930603027,149.00311279296875,7.989853858947754
63.0,0.0,15.084802627563477,50.74226379394531,9.04344654083252,148.8041534423828,7.989853858947754
64.0,0.0,15.047292709350586,50.57143783569336,9.043466567993164,148.6007537841797,7.989853858947754
65.0,0.0,15.014525413513184,50.40140914916992,9.043484687805176,148.3983154296875,7.989853858947754
66.0,0.0,14.965662002563477,50.21490478515625,9.043510437011719,148.20843505859375,7.989853858947754
67.0,0.0,14.956727027893066,50.05814743041992,9.0435152053833,147.99940490722656,7.989853858947754
68.0,0.0,14.952333450317383,49.90152359008789,9.04351806640625,147.79058837890625,7.989853858947754
69.0,0.0,14.938932418823242,49.734161376953125,9.043524742126465,147.59005737304688,7.989853858947754
70.0,0.0,14.906543731689453,49.5485954284668,9.043542861938477,147.4044647216797,7.989853858947754
71.0,0.0,14.878826141357422,49.363773345947266,9.043557167053223,147.2196044921875,7.989853858947754
72.0,0.0,14.862247467041016,49.18455505371094,9.04356575012207,147.03115844726562,7.989853858947754
73.0,0.0,14.873757362365723,49.02332305908203,9.043560028076172,146.82749938964844,7.989853858947754
74.0,0.0,14.889808654785156,48.861793518066406,9.043551445007324,146.6234893798828,7.989853858947754
75.0,0.0,14.902582168579102,48.69414520263672,9.04354476928711,146.4243621826172,7.989853858947754
76.0,0.0,14.878594398498535,48.49662780761719,9.043557167053223,146.25375366210938,7.989853858947754
77.0,0.0,14.846546173095703,48.290809631347656,9.043574333190918,146.09266662597656,7.989853858947754
78.0,0.0,14.819137573242188,48.085811614990234,9.04358959197998,145.93222045898438,7.989853858947754
79.0,0.0,14.821412086486816,47.898475646972656,9.043587684631348,145.75384521484375,7.989853858947754
80.0,0.0,14.834550857543945,47.715240478515625,9.043581008911133,145.57061767578125,7.989853858947754
81.0,0.0,14.852241516113281,47.53162384033203,9.043571472167969,145.3870086669922,7.989853858947754
82.0,0.0,14.835254669189453,47.32249069213867,9.043581008911133,145.233154296875,7.989853858947754
83.0,0.0,14.801305770874023,47.10036087036133,9.043599128723145,145.09642028808594,7.989853858947754
84.0,0.0,14.77200698852539,46.879180908203125,9.043614387512207,144.96026611328125,7.989853858947754
85.0,0.0,14.816287994384766,46.69993209838867,9.043590545654297,144.76922607421875,7.989853858947754
86.0,0.0,14.845382690429688,46.507904052734375,9.043575286865234,144.59323120117188,7.989853858947754
87.0,0.0,14.873043060302734,46.31161117553711,9.043560028076172,144.4215087890625,7.989853858947754
88.0,0.0,14.878412246704102,46.099609375,9.043557167053223,144.2715301513672,7.989853858947754
89.0,0.0,14.880321502685547,45.88309097290039,9.043556213378906,144.12814331054688,7.989853858947754
90.0,0.0,14.858726501464844,45.651756286621094,9.043567657470703,144.00856018066406,7.989853858947754
91.0,0.0,14.86787223815918,45.43433380126953,9.043562889099121,143.86676025390625,7.989853858947754
92.0,0.0,14.84732723236084,45.199668884277344,9.043574333190918,143.7545166015625,7.989853858947754
93.0,0.0,14.862008094787598,44.98025894165039,9.043566703796387,143.61563110351562,7.989853858947754
94.0,0.0,14.85643196105957,44.74884796142578,9.043569564819336,143.49842834472656,7.989853858947754
95.0,0.0,14.83018684387207,44.50625991821289,9.043583869934082,143.40380859375,7.989853858947754
96.0,0.0,14.828723907470703,44.27317810058594,9.043583869934082,143.29129028320312,7.989853858947754
97.0,0.0,14.823975563049316,44.03681945800781,9.043586730957031,143.18585205078125,7.989853858947754
98.0,0.0,14.808065414428711,43.79426956176758,9.043595314025879,143.09481811523438,7.989853858947754
99.0,0.0,14.787036895751953,43.54844665527344,9.043606758117676,143.0128631591797,7.989853858947754
100.0,0.0,14.778470039367676,43.30616760253906,9.043611526489258,142.92376708984375,7.989853858947754
101.0,0.0,14.783666610717773,43.06734848022461,9.043608665466309,142.82608032226562,7.989853858947754
102.0,0.0,14.793383598327637,42.82828903198242,9.04360294342041,142.72828674316406,7.989853858947754
103.0,0.0,14.717788696289062,42.560203552246094,9.043643951416016,142.71548461914062,7.989853858947754
104.0,0.0,14.703620910644531,42.311744689941406,9.043651580810547,142.6492156982422,7.989853858947754
105.0,0.0,14.710688591003418,42.068477630615234,9.043647766113281,142.5670166015625,7.989853858947754
106.0,0.0,14.725704193115234,41.82582092285156,9.043639183044434,142.48138427734375,7.989853858947754
107.0,0.0,14.739540100097656,41.58116912841797,9.043632507324219,142.4010772705078,7.989853858947754
108.0,0.0,14.759946823120117,41.33645248413086,9.043621063232422,142.318603515625,7.989853858947754
109.0,0.0,14.781503677368164,41.090248107910156,9.043609619140625,142.2392120361328,7.989853858947754
110.0,0.0,14.768717765808105,40.83542251586914,9.04361629486084,142.19769287109375,7.989853858947754
111.0,0.0,14.727781295776367,40.574951171875,9.043638229370117,142.18833923339844,7.989853858947754
112.0,0.0,14.68316650390625,40.314449310302734,9.043662071228027,142.18728637695312,7.989853858947754
113.0,0.0,14.66080379486084,40.05805969238281,9.04367446899414,142.1688995361328,7.989853858947754
114.0,0.0,14.662549018859863,39.804962158203125,9.043673515319824,142.1311492919922,7.989853858947754
115.0,0.0,14.711583137512207,39.556640625,9.043646812438965,142.05084228515625,7.989853858947754
116.0,0.0,14.765475273132324,39.306583404541016,9.043618202209473,141.96995544433594,7.989853858947754
117.0,0.0,14.776678085327148,39.05079650878906,9.043612480163574,141.9359130859375,7.989853858947754
118.0,0.0,14.780940055847168,38.7938232421875,9.043609619140625,141.9132537841797,7.989853858947754
119.0,0.0,14.795220375061035,38.536869049072266,9.043601989746094,141.88507080078125,7.989853858947754
120.0,0.0,14.845672607421875,38.28022003173828,9.043575286865234,141.82521057128906,7.989853858947754
121.0,0.0,14.885777473449707,38.021583557128906,9.043553352355957,141.78016662597656,7.989853858947754
122.0,0.0,14.90392780303955,37.76165008544922,9.043543815612793,141.7615966796875,7.989853858947754
123.0,0.0,14.926654815673828,37.501007080078125,9.04353141784668,141.7429962158203,7.989853858947754
124.0,0.0,14.931363105773926,37.24043655395508,9.043529510498047,141.74696350097656,7.989853858947754
125.0,0.0,14.92970085144043,36.98027038574219,9.043530464172363,141.7618408203125,7.989853858947754
126.0,0.0,14.964788436889648,36.717613220214844,9.043511390686035,141.74461364746094,7.989853858947754
127.0,0.0,15.029167175292969,36.45132064819336,9.043477058410645,141.70286560058594,7.989853858947754
128.0,0.0,15.092540740966797,36.1833381652832,9.043442726135254,141.66688537597656,7.989853858947754
129.0,0.0,15.09803581237793,35.92112731933594,9.043439865112305,141.693115234375,7.989853858947754
130.0,0.0,15.11874771118164,35.657100677490234,9.043428421020508,141.70887756347656,7.989853858947754
131.0,0.0,15.145853996276855,35.39198303222656,9.043414115905762,141.72299194335938,7.989853858947754
132.0,0.0,15.186140060424805,35.124305725097656,9.043392181396484,141.72885131835938,7.989853858947754
133.0,0.0,15.27610969543457,34.846256256103516,9.043344497680664,141.69081115722656,7.989853858947754
134.0,0.0,15.3660888671875,34.566043853759766,9.043295860290527,141.65794372558594,7.989853858947754
135.0,0.0,15.428302764892578,34.29020690917969,9.043262481689453,141.65733337402344,7.989853858947754
136.0,0.0,15.523811340332031,34.005069732666016,9.043210983276367,141.62954711914062,7.989853858947754
137.0,0.0,15.547806739807129,33.736873626708984,9.043198585510254,141.67611694335938,7.989853858947754
138.0,0.0,15.551501274108887,33.47486114501953,9.043196678161621,141.7469482421875,7.989853858947754
139.0,0.0,15.651800155639648,33.1851692199707,9.043143272399902,141.7301788330078,7.989853858947754
140.0,0.0,15.80526065826416,32.876773834228516,9.043060302734375,141.66856384277344,7.989853858947754
141.0,0.0,15.879989624023438,32.590972900390625,9.043020248413086,141.68746948242188,7.989853858947754
142.0,0.0,15.969134330749512,32.29930114746094,9.042972564697266,141.6982879638672,7.989853858947754
143.0,0.0,16.054136276245117,32.007911682128906,9.042926788330078,141.71861267089844,7.989853858947754
144.0,0.0,16.101200103759766,31.730009078979492,9.042901992797852,141.77964782714844,7.989853858947754
145.0,0.0,16.21826171875,31.424654006958008,9.042839050292969,141.78160095214844,7.989853858947754
146.0,0.0,16.372516632080078,31.102144241333008,9.042756080627441,141.75584411621094,7.989853858947754
147.0,0.0,16.496660232543945,30.789703369140625,9.042689323425293,141.76405334472656,7.989853858947754
148.0,0.0,16.61339569091797,30.478805541992188,9.042627334594727,141.78529357910156,7.989853858947754
149.0,0.0,16.75983428955078,30.152830123901367,9.042548179626465,141.78651428222656,7.989853858947754
150.0,0.0,16.911788940429688,29.822044372558594,9.04246711730957,141.78976440429688,7.989853858947754
151.0,0.0,17.045639038085938,29.49793815612793,9.04239559173584,141.8158416748047,7.989853858947754
152.0,0.0,17.20703125,29.158370971679688,9.042308807373047,141.82498168945312,7.989853858947754
153.0,0.0,17.411354064941406,28.794219970703125,9.04219913482666,141.8048553466797,7.989853858947754
154.0,0.0,17.56938934326172,28.45155906677246,9.0421142578125,141.83204650878906,7.989853858947754
155.0,0.0,17.729143142700195,28.106164932250977,9.042028427124023,141.8652801513672,7.989853858947754
156.0,0.0,17.994552612304688,27.69937515258789,9.041886329650879,141.8189239501953,7.989853858947754
157.0,0.0,18.178325653076172,27.33534812927246,9.041788101196289,141.84886169433594,7.989853858947754
158.0,0.0,18.3344783782959,26.985692977905273,9.041704177856445,141.9092559814453,7.989853858947754
159.0,0.0,18.60292625427246,26.566747665405273,9.041560173034668,141.88818359375,7.989853858947754
160.0,0.0,18.881275177001953,26.137659072875977,9.041410446166992,141.86953735351562,7.989853858947754
161.0,0.0,19.1812686920166,25.69076919555664,9.041250228881836,141.8447265625,7.989853858947754
162.0,0.0,19.478687286376953,25.241188049316406,9.041090965270996,141.83302307128906,7.989853858947754
163.0,0.0,19.687009811401367,24.846466064453125,9.04097843170166,141.89939880371094,7.989853858947754
164.0,0.0,20.0450439453125,24.34929847717285,9.040786743164062,141.86453247070312,7.989853858947754
165.0,0.0,20.462127685546875,23.806432723999023,9.040563583374023,141.79971313476562,7.989853858947754
166.0,0.0,20.850311279296875,23.27750587463379,9.04035472869873,141.7700653076172,7.989853858947754
167.0,0.0,21.234474182128906,22.746200561523438,9.040148735046387,141.75726318359375,7.989853858947754
168.0,0.0,21.65947723388672,22.180513381958008,9.039920806884766,141.7303924560547,7.989853858947754
169.0,0.0,22.133949279785156,21.572954177856445,9.039666175842285,141.68533325195312,7.989853858947754
170.0,0.0,22.625932693481445,20.946056365966797,9.039402961730957,141.64540100097656,7.989853858947754
171.0,0.0,23.09209442138672,20.332517623901367,9.039153099060059,141.6396942138672,7.989853858947754
172.0,0.0,23.593074798583984,19.686904907226562,9.038884162902832,141.62872314453125,7.989853858947754
173.0,0.0,24.204973220825195,18.948993682861328,9.038556098937988,141.56661987304688,7.989853858947754
174.0,0.0,24.975873947143555,18.077531814575195,9.038142204284668,141.42881774902344,7.989853858947754
175.0,0.0,25.97194480895996,17.0148983001709,9.03760814666748,141.1827392578125,7.989853858947754
176.0,0.0,26.579120635986328,16.254121780395508,9.037282943725586,141.19564819335938,7.989853858947754
177.0,0.0,27.445688247680664,15.27407169342041,9.03681755065918,141.08322143554688,7.989853858947754
178.0,0.0,28.516273498535156,14.113779067993164,9.036243438720703,140.8875732421875,7.989853858947754
179.0,0.0,29.539196014404297,12.980208396911621,9.03569507598877,140.75352478027344,7.989853858947754
180.0,0.0,31.003921508789062,11.458649635314941,9.034910202026367,140.4229736328125,7.989853858947754
181.0,0.0,33.14765548706055,9.333866119384766,9.033760070800781,139.7953338623047,7.989853858947754
182.0,0.0,35.25642395019531,7.210097312927246,9.032629013061523,139.25450134277344,7.989853858947754
331.0,0.0,49.49728775024414,62.17164611816406,9.024991989135742,199.78469848632812,7.989853858947754
332.0,0.0,48.842529296875,62.589080810546875,9.02534294128418,198.78927612304688,7.989853858947754
333.0,0.0,48.223472595214844,62.99787521362305,9.025674819946289,197.82305908203125,7.989853858947754
334.0,0.0,47.62138748168945,63.38967514038086,9.02599811553955,196.86988830566406,7.989853858947754
335.0,0.0,47.01509475708008,63.75363540649414,9.026323318481445,195.9122314453125,7.989853858947754
336.0,0.0,46.47771453857422,64.1310043334961,9.026611328125,195.0111083984375,7.989853858947754
337.0,0.0,45.963134765625,64.49808502197266,9.026887893676758,194.12750244140625,7.989853858947754
338.0,0.0,45.509788513183594,64.8787612915039,9.027130126953125,193.29217529296875,7.989853858947754
339.0,0.0,45.07025146484375,65.24686431884766,9.027366638183594,192.46604919433594,7.989853858947754
340.0,0.0,44.61114501953125,65.58228302001953,9.027612686157227,191.6230010986328,7.989853858947754
341.0,0.0,44.26335525512695,65.9673843383789,9.027798652648926,190.86526489257812,7.989853858947754
342.0,0.0,43.85367202758789,66.29441833496094,9.028018951416016,190.0576934814453,7.989853858947754
343.0,0.0,43.518951416015625,66.65147399902344,9.0281982421875,189.30545043945312,7.989853858947754
344.0,0.0,43.23334503173828,67.02412414550781,9.028351783752441,188.58724975585938,7.989853858947754
345.0,0.0,42.913055419921875,67.3567123413086,9.028523445129395,187.84085083007812,7.989853858947754
346.0,0.0,42.611915588378906,67.68559265136719,9.028684616088867,187.10630798339844,7.989853858947754
347.0,0.0,42.35340118408203,68.0282211303711,9.028822898864746,186.39979553222656,7.989853858947754
348.0,0.0,42.12764358520508,68.37905883789062,9.02894401550293,185.71322631835938,7.989853858947754
349.0,0.0,41.93171691894531,68.73713684082031,9.02904987335205,185.043701171875,7.989853858947754
350.0,0.0,41.75520324707031,69.09568786621094,9.029144287109375,184.3834686279297,7.989853858947754
351.0,0.0,41.588558197021484,69.44815063476562,9.0292329788208,183.72579956054688,7.989853858947754
352.0,0.0,41.46107482910156,69.8173828125,9.029301643371582,183.08926391601562,7.989853858947754
353.0,0.0,41.347320556640625,70.18476104736328,9.029362678527832,182.45669555664062,7.989853858947754
354.0,0.0,41.1939811706543,70.50846099853516,9.029444694519043,181.7952117919922,7.989853858947754
355.0,0.0,41.133766174316406,70.89372253417969,9.0294771194458,181.1858367919922,7.989853858947754
356.0,0.0,41.11528015136719,71.3016128540039,9.029487609863281,180.59494018554688,7.989853858947754
357.0,0.0,41.09172058105469,71.69475555419922,9.029500007629395,179.99441528320312,7.989853858947754
358.0,0.0,41.0682373046875,72.07719421386719,9.029512405395508,179.38751220703125,7.989853858947754
359.0,0.0,41.069976806640625,72.47000885009766,9.029511451721191,178.78794860839844,7.989853858947754
0.0,-5.625,43.9832878112793,75.33238220214844,11.286548614501953,179.59825134277344,7.989853858947754
1.0,-5.625,44.336448669433594,76.03089904785156,11.304494857788086,179.11978149414062,7.989853858947754
2.0,-5.625,44.58099365234375,76.62960052490234,11.31692123413086,178.57046508789062,7.989853858947754
3.0,-5.625,44.966026306152344,77.34402465820312,11.33648681640625,178.07395935058594,7.989853858947754
4.0,-5.625,45.64156723022461,78.31024169921875,11.370814323425293,177.69296264648438,7.989853858947754
5.0,-5.625,46.371315002441406,79.32345581054688,11.407896995544434,177.30882263183594,7.989853858947754
6.0,-5.625,47.11288833618164,80.3460464477539,11.445579528808594,176.90069580078125,7.989853858947754
7.0,-5.625,47.928733825683594,81.43433380126953,11.487037658691406,176.49378967285156,7.989853858947754
8.0,-5.625,49.22955322265625,82.96540069580078,11.553138732910156,176.24786376953125,7.989853858947754
29.0,-5.625,29.353538513183594,67.15597534179688,10.543137550354004,157.9294891357422,7.989853858947754
30.0,-5.625,27.621736526489258,65.44458770751953,10.4551362991333,157.37371826171875,7.989853858947754
31.0,-5.625,26.095497131347656,63.92853927612305,10.377579689025879,156.87977600097656,7.989853858947754
32.0,-5.625,24.97532844543457,62.80963897705078,10.320658683776855,156.4352264404297,7.989853858947754
33.0,-5.625,24.000717163085938,61.82882308959961,10.271134376525879,156.0259246826172,7.989853858947754
34.0,-5.625,23.012298583984375,60.82783508300781,10.220907211303711,155.65138244628906,7.989853858947754
35.0,-5.625,22.255273818969727,60.052032470703125,10.182438850402832,155.29734802246094,7.989853858947754
36.0,-5.625,21.74396514892578,59.51572799682617,10.15645694732666,154.95069885253906,7.989853858947754
37.0,-5.625,21.176950454711914,58.918861389160156,10.127643585205078,154.62770080566406,7.989853858947754
38.0,-5.625,20.626483917236328,58.33390808105469,10.099672317504883,154.32313537597656,7.989853858947754
39.0,-5.625,20.184206008911133,57.85201644897461,10.077198028564453,154.02415466308594,7.989853858947754
40.0,-5.625,19.728233337402344,57.352535247802734,10.054027557373047,153.7433319091797,7.989853858947754
41.0,-5.625,19.355886459350586,56.93183517456055,10.035106658935547,153.4652557373047,7.989853858947754
42.0,-5.625,18.9521427154541,56.476654052734375,10.014591217041016,153.2067108154297,7.989853858947754
43.0,-5.625,18.610563278198242,56.07920455932617,9.997233390808105,152.9506378173828,7.989853858947754
44.0,-5.625,18.403486251831055,55.80971908569336,9.986710548400879,152.67823791503906,7.989853858947754
45.0,-5.625,18.15518569946289,55.496307373046875,9.974093437194824,152.42372131347656,7.989853858947754
46.0,-5.625,17.847204208374023,55.12184524536133,9.958442687988281,152.19384765625,7.989853858947754
47.0,-5.625,17.653303146362305,54.8546028137207,9.948590278625488,151.94525146484375,7.989853858947754
48.0,-5.625,17.484920501708984,54.608428955078125,9.940033912658691,151.69735717773438,7.989853858947754
49.0,-5.625,17.333383560180664,54.37486267089844,9.932332992553711,151.45152282714844,7.989853858947754
50.0,-5.625,17.190006256103516,54.145591735839844,9.925046920776367,151.20973205566406,7.989853858947754
51.0,-5.625,17.081544876098633,53.94580841064453,9.919535636901855,150.96267700195312,7.989853858947754
52.0,-5.625,16.97783851623535,53.74684524536133,9.914266586303711,150.71926879882812,7.989853858947754
53.0,-5.625,16.860504150390625,53.531646728515625,9.908304214477539,150.4860382080078,7.989853858947754
54.0,-5.625,16.730005264282227,53.30103302001953,9.90167236328125,150.26353454589844,7.989853858947754
55.0,-5.625,16.63076400756836,53.09608840942383,9.896629333496094,150.03472900390625,7.989853858947754
56.0,-5.625,16.53082847595215,52.88725280761719,9.89155101776123,149.8114013671875,7.989853858947754
57.0,-5.625,16.441617965698242,52.68495559692383,9.887018203735352,149.58871459960938,7.989853858947754
58.0,-5.625,16.37046241760254,52.49561309814453,9.883401870727539,149.36293029785156,7.989853858947754
59.0,-5.625,16.29383087158203,52.29807662963867,9.879508018493652,149.1441192626953,7.989853858947754
60.0,-5.625,16.2022647857666,52.08427047729492,9.874855041503906,148.9370880126953,7.989853858947754
61.0,-5.625,16.070070266723633,51.83235549926758,9.86813735961914,148.75521850585938,7.989853858947754
62.0,-5.625,15.978418350219727,51.613338470458984,9.863480567932129,148.5592041015625,7.989853858947754
63.0,-5.625,15.947832107543945,51.44374084472656,9.861926078796387,148.33651733398438,7.989853858947754
64.0,-5.625,15.920623779296875,51.273406982421875,9.860543251037598,148.11546325683594,7.989853858947754
65.0,-5.625,15.885805130004883,51.09316635131836,9.858774185180664,147.90200805664062,7.989853858947754
66.0,-5.625,15.860268592834473,50.91720199584961,9.857476234436035,147.68698120117188,7.989853858947754
67.0,-5.625,15.835686683654785,50.73854446411133,9.85622787475586,147.47486877441406,7.989853858947754
68.0,-5.625,15.814342498779297,50.55906295776367,9.855142593383789,147.2643280029297,7.989853858947754
69.0,-5.625,15.800271987915039,50.381919860839844,9.8544282913208,147.05282592773438,7.989853858947754
70.0,-5.625,15.801067352294922,50.21287536621094,9.85446834564209,146.83538818359375,7.989853858947754
71.0,-5.625,15.807047843933105,50.04404830932617,9.854772567749023,146.6176300048828,7.989853858947754
72.0,-5.625,15.787450790405273,49.851966857910156,9.853776931762695,146.41937255859375,7.989853858947754
73.0,-5.625,15.767749786376953,49.65659713745117,9.852775573730469,146.22482299804688,7.989853858947754
74.0,-5.625,15.764321327209473,49.470069885253906,9.852601051330566,146.02297973632812,7.989853858947754
75.0,-5.625,15.765918731689453,49.283729553222656,9.852682113647461,145.82101440429688,7.989853858947754
76.0,-5.625,15.742998123168945,49.076416015625,9.851517677307129,145.6394805908203,7.989853858947754
77.0,-5.625,15.709419250488281,48.858787536621094,9.849811553955078,145.46946716308594,7.989853858947754
78.0,-5.625,15.68059253692627,48.64191818237305,9.848346710205078,145.3002471923828,7.989853858947754
79.0,-5.625,15.66421127319336,48.430885314941406,9.847514152526855,145.12600708007812,7.989853858947754
80.0,-5.625,15.652040481567383,48.2198371887207,9.846895217895508,144.9525146484375,7.989853858947754
81.0,-5.625,15.640606880187988,48.006439208984375,9.846314430236816,144.78231811523438,7.989853858947754
82.0,-5.625,15.600981712341309,47.7723503112793,9.844301223754883,144.63772583007812,7.989853858947754
83.0,-5.625,15.559015274047852,47.53485870361328,9.842168807983398,144.49951171875,7.989853858947754
84.0,-5.625,15.578638076782227,47.33298873901367,9.843165397644043,144.3170928955078,7.989853858947754
85.0,-5.625,15.63066291809082,47.14693069458008,9.845808982849121,144.11199951171875,7.989853858947754
86.0,-5.625,15.698053359985352,46.965492248535156,9.849233627319336,143.89715576171875,7.989853858947754
87.0,-5.625,15.71485424041748,46.750770568847656,9.85008716583252,143.7264862060547,7.989853858947754
88.0,-5.625,15.681705474853516,46.50535202026367,9.848403930664062,143.60104370117188,7.989853858947754
89.0,-5.625,15.657690048217773,46.263160705566406,9.847183227539062,143.47251892089844,7.989853858947754
90.0,-5.625,15.671163558959961,46.03866195678711,9.847867012023926,143.3165283203125,7.989853858947754
91.0,-5.625,15.697636604309082,45.81785583496094,9.849212646484375,143.15316772460938,7.989853858947754
92.0,-5.625,15.71639347076416,45.59004592895508,9.850165367126465,143.0001678466797,7.989853858947754
93.0,-5.625,15.720111846923828,45.35215759277344,9.85035514831543,142.8642120361328,7.989853858947754
94.0,-5.625,15.726348876953125,45.11302947998047,9.850671768188477,142.73016357421875,7.989853858947754
95.0,-5.625,15.693971633911133,44.854312896728516,9.849026679992676,142.63478088378906,7.989853858947754
96.0,-5.625,15.657061576843262,44.592529296875,9.847150802612305,142.5482635498047,7.989853858947754
97.0,-5.625,15.631717681884766,44.33464813232422,9.845863342285156,142.45608520507812,7.989853858947754
98.0,-5.625,15.615630149841309,44.07928466796875,9.84504508972168,142.36012268066406,7.989853858947754
99.0,-5.625,15.616475105285645,43.829002380371094,9.845088005065918,142.25311279296875,7.989853858947754
100.0,-5.625,15.642356872558594,43.586029052734375,9.846403121948242,142.12721252441406,7.989853858947754
101.0,-5.625,15.665053367614746,43.3393669128418,9.847557067871094,142.00839233398438,7.989853858947754
102.0,-5.625,15.570608139038086,43.05129623413086,9.842758178710938,142.00405883789062,7.989853858947754
103.0,-5.625,15.537158012390137,42.78404998779297,9.841057777404785,141.947509765625,7.989853858947754
104.0,-5.625,15.515128135681152,42.51983642578125,9.839938163757324,141.8849334716797,7.989853858947754
105.0,-5.625,15.497516632080078,42.25619125366211,9.839043617248535,141.82286071777344,7.989853858947754
106.0,-5.625,15.511922836303711,42.000328063964844,9.839775085449219,141.7346649169922,7.989853858947754
107.0,-5.625,15.54305648803711,41.74689483642578,9.841358184814453,141.63470458984375,7.989853858947754
108.0,-5.625,15.550820350646973,41.48579406738281,9.841752052307129,141.56175231933594,7.989853858947754
109.0,-5.625,15.534614562988281,41.21815490722656,9.84092903137207,141.51670837402344,7.989853858947754
110.0,-5.625,15.527724266052246,40.951900482177734,9.84057903289795,141.46728515625,7.989853858947754
111.0,-5.625,15.509625434875488,40.68290710449219,9.839658737182617,141.4335479736328,7.989853858947754
112.0,-5.625,15.486359596252441,40.41282653808594,9.838476181030273,141.40965270996094,7.989853858947754
113.0,-5.625,15.48753547668457,40.146366119384766,9.838536262512207,141.36639404296875,7.989853858947754
114.0,-5.625,15.474645614624023,39.87734603881836,9.837881088256836,141.3417205810547,7.989853858947754
115.0,-5.625,15.471881866455078,39.60929489135742,9.837740898132324,141.3117218017578,7.989853858947754
116.0,-5.625,15.479957580566406,39.34184646606445,9.838151931762695,141.275634765625,7.989853858947754
117.0,-5.625,15.493452072143555,39.07408905029297,9.838836669921875,141.2388153076172,7.989853858947754
118.0,-5.625,15.496728897094727,38.80487823486328,9.839003562927246,141.2168426513672,7.989853858947754
119.0,-5.625,15.509164810180664,38.53565979003906,9.839635848999023,141.1904296875,7.989853858947754
120.0,-5.625,15.532111167907715,38.266075134277344,9.840801239013672,141.15821838378906,7.989853858947754
121.0,-5.625,15.552922248840332,37.99555206298828,9.841858863830566,141.13284301757812,7.989853858947754
122.0,-5.625,15.553055763244629,37.724456787109375,9.841865539550781,141.13284301757812,7.989853858947754
123.0,-5.625,15.560511589050293,37.45320129394531,9.842244148254395,141.13026428222656,7.989853858947754
124.0,-5.625,15.600353240966797,37.180389404296875,9.844269752502441,141.10011291503906,7.989853858947754
125.0,-5.625,15.646663665771484,36.906002044677734,9.846622467041016,141.0683135986328,7.989853858947754
126.0,-5.625,15.631990432739258,36.63509750366211,9.845876693725586,141.10208129882812,7.989853858947754
127.0,-5.625,15.596149444580078,36.367122650146484,9.844056129455566,141.16159057617188,7.989853858947754
128.0,-5.625,15.65177059173584,36.09046173095703,9.846882820129395,141.13494873046875,7.989853858947754
129.0,-5.625,15.734987258911133,35.808807373046875,9.851110458374023,141.0859375,7.989853858947754
130.0,-5.625,15.776288032531738,35.53110885620117,9.853209495544434,141.0834503173828,7.989853858947754
131.0,-5.625,15.827799797058105,35.25101089477539,9.855826377868652,141.07586669921875,7.989853858947754
132.0,-5.625,15.890774726867676,34.96784591674805,9.859026908874512,141.06207275390625,7.989853858947754
133.0,-5.625,15.991355895996094,34.6759033203125,9.864137649536133,141.01663208007812,7.989853858947754
134.0,-5.625,16.079797744750977,34.38412857055664,9.868631362915039,140.98849487304688,7.989853858947754
135.0,-5.625,16.127582550048828,34.09989929199219,9.871060371398926,141.00527954101562,7.989853858947754
136.0,-5.625,16.167888641357422,33.81707000732422,9.87310791015625,141.03445434570312,7.989853858947754
137.0,-5.625,16.20849609375,33.53403854370117,9.875171661376953,141.06845092773438,7.989853858947754
138.0,-5.625,16.267148971557617,33.24583435058594,9.878152847290039,141.09030151367188,7.989853858947754
139.0,-5.625,16.363569259643555,32.94571304321289,9.883051872253418,141.08151245117188,7.989853858947754
140.0,-5.625,16.447538375854492,32.64784240722656,9.88731861114502,141.09027099609375,7.989853858947754
141.0,-5.625,16.471946716308594,32.36867141723633,9.888559341430664,141.1607666015625,7.989853858947754
142.0,-5.625,16.554241180419922,32.07010269165039,9.892741203308105,141.18212890625,7.989853858947754
143.0,-5.625,16.70073699951172,31.747081756591797,9.900184631347656,141.14956665039062,7.989853858947754
144.0,-5.625,16.82089614868164,31.43124771118164,9.906291007995605,141.1479034423828,7.989853858947754
145.0,-5.625,16.907489776611328,31.12689781188965,9.910691261291504,141.1833038330078,7.989853858947754
146.0,-5.625,17.050228118896484,30.79854393005371,9.91794490814209,141.17361450195312,7.989853858947754
147.0,-5.625,17.218494415283203,30.456836700439453,9.926494598388672,141.147705078125,7.989853858947754
148.0,-5.625,17.351383209228516,30.12786865234375,9.933248519897461,141.16065979003906,7.989853858947754
149.0,-5.625,17.50112533569336,29.789339065551758,9.94085693359375,141.1654815673828,7.989853858947754
150.0,-5.625,17.685916900634766,29.431922912597656,9.950246810913086,141.1466827392578,7.989853858947754
151.0,-5.625,17.86838150024414,29.07255744934082,9.959519386291504,141.13771057128906,7.989853858947754
152.0,-5.625,18.03925132751465,28.716230392456055,9.968201637268066,141.14657592773438,7.989853858947754
153.0,-5.625,18.20223617553711,28.36166763305664,9.976484298706055,141.16990661621094,7.989853858947754
154.0,-5.625,18.370750427246094,28.00218963623047,9.985047340393066,141.19627380371094,7.989853858947754
155.0,-5.625,18.528724670410156,27.64657974243164,9.993074417114258,141.23928833007812,7.989853858947754
156.0,-5.625,18.81690788269043,27.215782165527344,10.007718086242676,141.1829071044922,7.989853858947754
157.0,-5.625,19.113574981689453,26.77503776550293,10.02279281616211,141.13003540039062,7.989853858947754
158.0,-5.625,19.357643127441406,26.36051368713379,10.035195350646973,141.130126953125,7.989853858947754
159.0,-5.625,19.6893310546875,25.889347076416016,10.052051544189453,141.07061767578125,7.989853858947754
160.0,-5.625,19.965774536132812,25.44704246520996,10.0660982131958,141.06605529785156,7.989853858947754
161.0,-5.625,20.24614715576172,24.99847412109375,10.080345153808594,141.06922912597656,7.989853858947754
162.0,-5.625,20.64553451538086,24.469053268432617,10.100640296936035,140.99302673339844,7.989853858947754
163.0,-5.625,20.83843231201172,24.06985855102539,10.110442161560059,141.08502197265625,7.989853858947754
164.0,-5.625,21.22920036315918,23.53624153137207,10.13029956817627,141.0406036376953,7.989853858947754
165.0,-5.625,21.66364288330078,22.9669246673584,10.152375221252441,140.978515625,7.989853858947754
166.0,-5.625,22.045791625976562,22.42778778076172,10.171793937683105,140.9688720703125,7.989853858947754
167.0,-5.625,22.57227325439453,21.780990600585938,10.19854736328125,140.87237548828125,7.989853858947754
168.0,-5.625,23.055503845214844,21.157581329345703,10.223102569580078,140.82350158691406,7.989853858947754
169.0,-5.625,23.56230926513672,20.510313034057617,10.248855590820312,140.77577209472656,7.989853858947754
170.0,-5.625,24.193252563476562,19.763507843017578,10.280917167663574,140.663818359375,7.989853858947754
171.0,-5.625,24.66670036315918,19.127304077148438,10.304975509643555,140.67530822753906,7.989853858947754
172.0,-5.625,25.562894821166992,18.16018295288086,10.350516319274902,140.4358367919922,7.989853858947754
173.0,-5.625,26.544998168945312,17.11203956604004,10.400421142578125,140.1720428466797,7.989853858947754
174.0,-5.625,27.477291107177734,16.08839988708496,10.447795867919922,139.9703369140625,7.989853858947754
175.0,-5.625,28.668163299560547,14.843945503234863,10.508310317993164,139.64601135253906,7.989853858947754
176.0,-5.625,30.057220458984375,13.420636177062988,10.578895568847656,139.24539184570312,7.989853858947754
177.0,-5.625,31.860511779785156,11.635632514953613,10.67052936553955,138.6553497314453,7.989853858947754
178.0,-5.625,35.26935958862305,8.485467910766602,10.84375,137.23826599121094,7.989853858947754
335.0,-5.625,49.505184173583984,65.17632293701172,11.567143440246582,197.8800811767578,7.989853858947754
336.0,-5.625,48.79897689819336,65.49171447753906,11.531258583068848,196.81613159179688,7.989853858947754
337.0,-5.625,48.25811004638672,65.87433624267578,11.503774642944336,195.8883056640625,7.989853858947754
338.0,-5.625,47.707908630371094,66.22754669189453,11.47581672668457,194.95199584960938,7.989853858947754
339.0,-5.625,47.21110534667969,66.58917999267578,11.450570106506348,194.0577392578125,7.989853858947754
340.0,-5.625,46.72602844238281,66.93563842773438,11.425921440124512,193.1717987060547,7.989853858947754
341.0,-5.625,46.30717468261719,67.30210876464844,11.404637336730957,192.33627319335938,7.989853858947754
342.0,-5.625,45.93544006347656,67.67891693115234,11.385746955871582,191.5349578857422,7.989853858947754
343.0,-5.625,45.57941436767578,68.04720306396484,11.367656707763672,190.74317932128906,7.989853858947754
344.0,-5.625,45.22865295410156,68.40055847167969,11.349832534790039,189.953125,7.989853858947754
345.0,-5.625,44.96653747558594,68.79656982421875,11.33651351928711,189.2253875732422,7.989853858947754
346.0,-5.625,44.67540740966797,69.1562271118164,11.3217191696167,188.47335815429688,7.989853858947754
347.0,-5.625,44.422142028808594,69.5261001586914,11.308849334716797,187.74525451660156,7.989853858947754
348.0,-5.625,44.2467041015625,69.93653106689453,11.299934387207031,187.06747436523438,7.989853858947754
349.0,-5.625,43.99597930908203,70.27754974365234,11.28719425201416,186.33407592773438,7.989853858947754
350.0,-5.625,43.835487365722656,70.67030334472656,11.279038429260254,185.6577911376953,7.989853858947754
351.0,-5.625,43.72406005859375,71.08665466308594,11.27337646484375,185.00863647460938,7.989853858947754
352.0,-5.625,43.59197998046875,71.47443389892578,11.266664505004883,184.34071350097656,7.989853858947754
353.0,-5.625,43.491844177246094,71.87401580810547,11.261575698852539,183.68777465820312,7.989853858947754
354.0,-5.625,43.46246337890625,72.3171615600586,11.260083198547363,183.0723114013672,7.989853858947754
355.0,-5.625,43.451568603515625,72.76403045654297,11.259530067443848,182.46060180664062,7.989853858947754
356.0,-5.625,43.443580627441406,73.2024154663086,11.259123802185059,181.84300231933594,7.989853858947754
357.0,-5.625,43.537315368652344,73.713623046875,11.263887405395508,181.27548217773438,7.989853858947754
358.0,-5.625,43.63514709472656,74.21916961669922,11.268857955932617,180.7000274658203,7.989853858947754
359.0,-5.625,43.74664306640625,74.72705078125,11.274524688720703,180.12171936035156,7.989853858947754
0.0,-11.25,48.94889831542969,79.56206512451172,14.028511047363281,181.82064819335938,7.989853858947754
1.0,-11.25,49.734825134277344,80.67112731933594,14.108423233032227,181.48130798339844,7.989853858947754
34.0,-11.25,28.2028865814209,65.8885269165039,11.919120788574219,155.24755859375,7.989853858947754
35.0,-11.25,25.98625946044922,63.65947341918945,11.693740844726562,154.9085693359375,7.989853858947754
36.0,-11.25,24.652297973632812,62.30268478393555,11.558107376098633,154.5719757080078,7.989853858947754
37.0,-11.25,23.81818962097168,61.43703842163086,11.473298072814941,154.2310791015625,7.989853858947754
38.0,-11.25,22.947490692138672,60.53104782104492,11.384767532348633,153.9241180419922,7.989853858947754
39.0,-11.25,22.339202880859375,59.8803596496582,11.322918891906738,153.6121368408203,7.989853858947754
40.0,-11.25,21.65455436706543,59.15081787109375,11.25330638885498,153.33375549316406,7.989853858947754
41.0,-11.25,21.150217056274414,58.595176696777344,11.2020263671875,153.04904174804688,7.989853858947754
42.0,-11.25,20.498085021972656,57.89185333251953,11.135719299316406,152.81048583984375,7.989853858947754
43.0,-11.25,20.224185943603516,57.55490493774414,11.107871055603027,152.5177764892578,7.989853858947754
44.0,-11.25,19.903501510620117,57.168548583984375,11.075263977050781,152.2460174560547,7.989853858947754
45.0,-11.25,19.54945182800293,56.74657440185547,11.039265632629395,151.99441528320312,7.989853858947754
46.0,-11.25,19.263395309448242,56.387176513671875,11.010180473327637,151.73880004882812,7.989853858947754
47.0,-11.25,19.05508041381836,56.099063873291016,10.988998413085938,151.4730987548828,7.989853858947754
48.0,-11.25,18.843801498413086,55.804569244384766,10.967517852783203,151.21681213378906,7.989853858947754
49.0,-11.25,18.59435272216797,55.47060012817383,10.942153930664062,150.98085021972656,7.989853858947754
50.0,-11.25,18.352127075195312,55.14072799682617,10.917525291442871,150.75253295898438,7.989853858947754
51.0,-11.25,18.19535255432129,54.88825988769531,10.90158462524414,150.50506591796875,7.989853858947754
52.0,-11.25,18.086105346679688,54.6766242980957,10.890477180480957,150.24771118164062,7.989853858947754
53.0,-11.25,17.980300903320312,54.46440124511719,10.879718780517578,149.9945831298828,7.989853858947754
54.0,-11.25,17.852258682250977,54.22811508178711,10.866700172424316,149.75550842285156,7.989853858947754
55.0,-11.25,17.732107162475586,53.99574661254883,10.854483604431152,149.51943969726562,7.989853858947754
56.0,-11.25,17.64196014404297,53.787235260009766,10.845317840576172,149.2768096923828,7.989853858947754
57.0,-11.25,17.57135009765625,53.592674255371094,10.83813762664795,149.03077697753906,7.989853858947754
58.0,-11.25,17.497854232788086,53.391841888427734,10.830665588378906,148.79058837890625,7.989853858947754
59.0,-11.25,17.381628036499023,53.14985275268555,10.81884765625,148.57493591308594,7.989853858947754
60.0,-11.25,17.270648956298828,52.90967559814453,10.807563781738281,148.36280822753906,7.989853858947754
61.0,-11.25,17.1856746673584,52.689205169677734,10.798924446105957,148.14369201660156,7.989853858947754
62.0,-11.25,17.09650421142578,52.46210861206055,10.789857864379883,147.93186950683594,7.989853858947754
63.0,-11.25,17.01416015625,52.237918853759766,10.781484603881836,147.72177124023438,7.989853858947754
64.0,-11.25,16.96129608154297,52.03548812866211,10.77610969543457,147.5009002685547,7.989853858947754
65.0,-11.25,16.930931091308594,51.84832000732422,10.773022651672363,147.27188110351562,7.989853858947754
66.0,-11.25,16.911664962768555,51.66653823852539,10.771063804626465,147.040283203125,7.989853858947754
67.0,-11.25,16.921628952026367,51.50448226928711,10.772076606750488,146.79510498046875,7.989853858947754
68.0,-11.25,16.901195526123047,51.31389236450195,10.769998550415039,146.57081604003906,7.989853858947754
69.0,-11.25,16.85187530517578,51.096961975097656,10.764984130859375,146.36782836914062,7.989853858947754
70.0,-11.25,16.824962615966797,50.89439392089844,10.762247085571289,146.1553192138672,7.989853858947754
71.0,-11.25,16.844669342041016,50.724021911621094,10.764250755310059,145.9169921875,7.989853858947754
72.0,-11.25,16.870086669921875,50.5536003112793,10.76683521270752,145.67770385742188,7.989853858947754
73.0,-11.25,16.899906158447266,50.381996154785156,10.769867897033691,145.43817138671875,7.989853858947754
74.0,-11.25,16.886669158935547,50.17450714111328,10.768522262573242,145.23043823242188,7.989853858947754
75.0,-11.25,16.852672576904297,49.948699951171875,10.76506519317627,145.0408477783203,7.989853858947754
76.0,-11.25,16.80780029296875,49.712364196777344,10.760503768920898,144.86328125,7.989853858947754
77.0,-11.25,16.742351531982422,49.45927429199219,10.7538480758667,144.70510864257812,7.989853858947754
78.0,-11.25,16.703641891479492,49.22246170043945,10.74991226196289,144.53274536132812,7.989853858947754
79.0,-11.25,16.70966339111328,49.01301574707031,10.750524520874023,144.3319854736328,7.989853858947754
80.0,-11.25,16.721290588378906,48.80367660522461,10.751708030700684,144.13063049316406,7.989853858947754
81.0,-11.25,16.72480010986328,48.58550262451172,10.752063751220703,143.9390106201172,7.989853858947754
82.0,-11.25,16.728364944458008,48.36400604248047,10.752426147460938,143.7511444091797,7.989853858947754
83.0,-11.25,16.737573623657227,48.142677307128906,10.753362655639648,143.56271362304688,7.989853858947754
84.0,-11.25,16.759489059448242,47.925594329833984,10.755590438842773,143.3679962158203,7.989853858947754
85.0,-11.25,16.749065399169922,47.68588638305664,10.75452995300293,143.20286560058594,7.989853858947754
86.0,-11.25,16.757381439208984,47.454200744628906,10.755376815795898,143.02679443359375,7.989853858947754
87.0,-11.25,16.743919372558594,47.20720672607422,10.754007339477539,142.87265014648438,7.989853858947754
88.0,-11.25,16.741056442260742,46.96351623535156,10.753716468811035,142.71414184570312,7.989853858947754
89.0,-11.25,16.750301361083984,46.72353744506836,10.754655838012695,142.5497283935547,7.989853858947754
90.0,-11.25,16.76844596862793,46.485164642333984,10.756500244140625,142.38186645507812,7.989853858947754
91.0,-11.25,16.74600601196289,46.22338104248047,10.754220008850098,142.25296020507812,7.989853858947754
92.0,-11.25,16.751670837402344,45.97332000732422,10.75479507446289,142.10440063476562,7.989853858947754
93.0,-11.25,16.693132400512695,45.69053649902344,10.7488431930542,142.0165252685547,7.989853858947754
94.0,-11.25,16.72981071472168,45.450313568115234,10.752573013305664,141.84974670410156,7.989853858947754
95.0,-11.25,16.708412170410156,45.18122863769531,10.750397682189941,141.73878479003906,7.989853858947754
96.0,-11.25,16.63471221923828,44.88850784301758,10.742903709411621,141.6798095703125,7.989853858947754
97.0,-11.25,16.561607360839844,44.59621047973633,10.73547077178955,141.62594604492188,7.989853858947754
98.0,-11.25,16.535682678222656,44.32259750366211,10.732834815979004,141.53453063964844,7.989853858947754
99.0,-11.25,16.513582229614258,44.04927444458008,10.73058795928955,141.44454956054688,7.989853858947754
100.0,-11.25,16.480066299438477,43.770687103271484,10.727179527282715,141.37008666992188,7.989853858947754
101.0,-11.25,16.445816040039062,43.49114227294922,10.723697662353516,141.3013916015625,7.989853858947754
102.0,-11.25,16.420095443725586,43.21377944946289,10.721081733703613,141.22976684570312,7.989853858947754
103.0,-11.25,16.404769897460938,42.938838958740234,10.719524383544922,141.15330505371094,7.989853858947754
104.0,-11.25,16.40274429321289,42.66676330566406,10.719318389892578,141.069091796875,7.989853858947754
105.0,-11.25,16.421192169189453,42.398929595947266,10.72119426727295,140.97007751464844,7.989853858947754
106.0,-11.25,16.428672790527344,42.126258850097656,10.721954345703125,140.88619995117188,7.989853858947754
107.0,-11.25,16.369108200073242,41.835792541503906,10.715897560119629,140.8717498779297,7.989853858947754
108.0,-11.25,16.35594367980957,41.55658721923828,10.714559555053711,140.81765747070312,7.989853858947754
109.0,-11.25,16.328065872192383,41.27363204956055,10.711724281311035,140.78280639648438,7.989853858947754
110.0,-11.25,16.302881240844727,40.9911003112793,10.7091646194458,140.7503662109375,7.989853858947754
111.0,-11.25,16.253047943115234,40.70418167114258,10.704096794128418,140.74708557128906,7.989853858947754
112.0,-11.25,16.223308563232422,40.42125701904297,10.70107364654541,140.72921752929688,7.989853858947754
113.0,-11.25,16.249000549316406,40.14634704589844,10.703685760498047,140.66177368164062,7.989853858947754
114.0,-11.25,16.276010513305664,39.87002944946289,10.706432342529297,140.5977783203125,7.989853858947754
115.0,-11.25,16.226280212402344,39.58404541015625,10.701375961303711,140.61447143554688,7.989853858947754
116.0,-11.25,16.161712646484375,39.297950744628906,10.694809913635254,140.65093994140625,7.989853858947754
117.0,-11.25,16.199954986572266,39.02096939086914,10.698698043823242,140.59046936035156,7.989853858947754
118.0,-11.25,16.258729934692383,38.7434196472168,10.704675674438477,140.514404296875,7.989853858947754
119.0,-11.25,16.257003784179688,38.46135330200195,10.704500198364258,140.5032958984375,7.989853858947754
120.0,-11.25,16.25554847717285,38.17916488647461,10.704352378845215,140.49684143066406,7.989853858947754
121.0,-11.25,16.254371643066406,37.89694595336914,10.704232215881348,140.4950408935547,7.989853858947754
122.0,-11.25,16.269784927368164,37.61449432373047,10.705798149108887,140.48165893554688,7.989853858947754
123.0,-11.25,16.3065128326416,37.33088302612305,10.709532737731934,140.4520263671875,7.989853858947754
124.0,-11.25,16.334613800048828,37.04659652709961,10.712390899658203,140.43594360351562,7.989853858947754
125.0,-11.25,16.340225219726562,36.763099670410156,10.712961196899414,140.44717407226562,7.989853858947754
126.0,-11.25,16.35460662841797,36.479007720947266,10.714423179626465,140.4546661376953,7.989853858947754
127.0,-11.25,16.370628356933594,36.19466781616211,10.716052055358887,140.46551513671875,7.989853858947754
128.0,-11.25,16.408916473388672,35.90762710571289,10.719945907592773,140.45936584472656,7.989853858947754
129.0,-11.25,16.444416046142578,35.62024688720703,10.723553657531738,140.4610595703125,7.989853858947754
130.0,-11.25,16.465394973754883,35.334556579589844,10.725687980651855,140.4821319580078,7.989853858947754
131.0,-11.25,16.510513305664062,35.044795989990234,10.730274200439453,140.48458862304688,7.989853858947754
132.0,-11.25,16.57672691345215,34.75038528442383,10.737009048461914,140.4716339111328,7.989853858947754
133.0,-11.25,16.633127212524414,34.45668029785156,10.742742538452148,140.47360229492188,7.989853858947754
134.0,-11.25,16.71458625793457,34.156532287597656,10.751025199890137,140.45660400390625,7.989853858947754
135.0,-11.25,16.789031982421875,33.85643005371094,10.758594512939453,140.4519500732422,7.989853858947754
136.0,-11.25,16.83325958251953,33.56277084350586,10.763091087341309,140.48190307617188,7.989853858947754
137.0,-11.25,16.882465362548828,33.267581939697266,10.768095016479492,140.51242065429688,7.989853858947754
138.0,-11.25,16.956405639648438,32.96500015258789,10.775612831115723,140.5247802734375,7.989853858947754
139.0,-11.25,17.054960250854492,32.6539306640625,10.785633087158203,140.51950073242188,7.989853858947754
140.0,-11.25,17.146968841552734,32.34330749511719,10.794988632202148,140.52635192871094,7.989853858947754
141.0,-11.25,17.257917404174805,32.02492141723633,10.806268692016602,140.5214385986328,7.989853858947754
142.0,-11.25,17.379539489746094,31.700912475585938,10.818634986877441,140.51283264160156,7.989853858947754
143.0,-11.25,17.510486602783203,31.371376037597656,10.831949234008789,140.50204467773438,7.989853858947754
144.0,-11.25,17.668107986450195,31.029266357421875,10.847976684570312,140.4734344482422,7.989853858947754
145.0,-11.25,17.795337677001953,30.696460723876953,10.860912322998047,140.47952270507812,7.989853858947754
146.0,-11.25,17.91985511779785,30.36292839050293,10.87357234954834,140.49478149414062,7.989853858947754
147.0,-11.25,18.02950668334961,30.03421401977539,10.884721755981445,140.53009033203125,7.989853858947754
148.0,-11.25,18.16008949279785,29.695043563842773,10.89799976348877,140.55340576171875,7.989853858947754
149.0,-11.25,18.320369720458984,29.340497970581055,10.914297103881836,140.5575714111328,7.989853858947754
150.0,-11.25,18.532772064208984,28.958576202392578,10.935893058776855,140.5238494873047,7.989853858947754
151.0,-11.25,18.747966766357422,28.571523666381836,10.957773208618164,140.49620056152344,7.989853858947754
152.0,-11.25,18.915842056274414,28.204999923706055,10.974842071533203,140.51759338378906,7.989853858947754
153.0,-11.25,19.12989044189453,27.812145233154297,10.99660587310791,140.50790405273438,7.989853858947754
154.0,-11.25,19.384435653686523,27.394161224365234,11.02248764038086,140.47323608398438,7.989853858947754
155.0,-11.25,19.60721206665039,26.989572525024414,11.045138359069824,140.4745330810547,7.989853858947754
156.0,-11.25,19.833539962768555,26.579851150512695,11.068151473999023,140.482177734375,7.989853858947754
157.0,-11.25,20.144851684570312,26.117563247680664,11.099803924560547,140.43075561523438,7.989853858947754
158.0,-11.25,20.44699478149414,25.65556526184082,11.130525588989258,140.39791870117188,7.989853858947754
159.0,-11.25,20.754261016845703,25.18576431274414,11.16176700592041,140.372314453125,7.989853858947754
160.0,-11.25,21.081771850585938,24.698772430419922,11.195066452026367,140.34254455566406,7.989853858947754
161.0,-11.25,21.431598663330078,24.192689895629883,11.230636596679688,140.307861328125,7.989853858947754
162.0,-11.25,21.86210060119629,23.62891960144043,11.274408340454102,140.22528076171875,7.989853858947754
163.0,-11.25,22.170841217041016,23.139066696166992,11.305800437927246,140.24766540527344,7.989853858947754
164.0,-11.25,22.583763122558594,22.57517433166504,11.347785949707031,140.20628356933594,7.989853858947754
165.0,-11.25,23.086639404296875,21.943391799926758,11.398917198181152,140.1151885986328,7.989853858947754
166.0,-11.25,23.710891723632812,21.218650817871094,11.46238899230957,139.95570373535156,7.989853858947754
167.0,-11.25,24.370412826538086,20.458433151245117,11.529446601867676,139.7921905517578,7.989853858947754
168.0,-11.25,25.02635955810547,19.690176010131836,11.59614086151123,139.65269470214844,7.989853858947754
169.0,-11.25,25.765174865722656,18.850725173950195,11.671262741088867,139.479736328125,7.989853858947754
170.0,-11.25,26.570072174072266,17.950334548950195,11.753101348876953,139.28782653808594,7.989853858947754
171.0,-11.25,27.687026977539062,16.800186157226562,11.866669654846191,138.9222869873047,7.989853858947754
172.0,-11.25,28.978923797607422,15.496419906616211,11.998025894165039,138.4820556640625,7.989853858947754
173.0,-11.25,30.69940185546875,13.835665702819824,12.172959327697754,137.81907653808594,7.989853858947754
174.0,-11.25,34.447731018066406,10.536458969116211,12.5540771484375,135.99185180664062,7.989853858947754
339.0,-11.25,49.76541519165039,68.27674102783203,14.111533164978027,195.73277282714844,7.989853858947754
340.0,-11.25,49.27625274658203,68.64836120605469,14.061796188354492,194.8173828125,7.989853858947754
341.0,-11.25,48.79869079589844,69.00482177734375,14.013240814208984,193.9098663330078,7.989853858947754
342.0,-11.25,48.316009521484375,69.3357162475586,13.964163780212402,192.99781799316406,7.989853858947754
343.0,-11.25,47.938865661621094,69.71446228027344,13.92581558227539,192.163818359375,7.989853858947754
344.0,-11.25,47.661354064941406,70.1412353515625,13.897598266601562,191.40036010742188,7.989853858947754
345.0,-11.25,47.43849182128906,70.58880615234375,13.87493896484375,190.67205810546875,7.989853858947754
346.0,-11.25,47.10802459716797,70.94529724121094,13.841339111328125,189.8629150390625,7.989853858947754
347.0,-11.25,46.885379791259766,71.36058807373047,13.818700790405273,189.12643432617188,7.989853858947754
348.0,-11.25,46.71507263183594,71.7983169555664,13.801384925842285,188.4211883544922,7.989853858947754
349.0,-11.25,46.59709167480469,72.2602767944336,13.789387702941895,187.74549865722656,7.989853858947754
350.0,-11.25,46.514190673828125,72.73532104492188,13.78095817565918,187.0863037109375,7.989853858947754
351.0,-11.25,46.4599609375,73.21968078613281,13.775444984436035,186.43838500976562,7.989853858947754
352.0,-11.25,46.420326232910156,73.70330810546875,13.771414756774902,185.79200744628906,7.989853858947754
353.0,-11.25,46.40118408203125,74.19119262695312,13.7694673538208,185.15040588378906,7.989853858947754
354.0,-11.25,46.454742431640625,74.72528839111328,13.774913787841797,184.54428100585938,7.989853858947754
355.0,-11.25,46.66609573364258,75.37611389160156,13.796403884887695,184.0206756591797,7.989853858947754
356.0,-11.25,46.88484573364258,76.02587127685547,13.818645477294922,183.4870147705078,7.989853858947754
357.0,-11.25,47.27088165283203,76.80614471435547,13.857895851135254,183.03231811523438,7.989853858947754
358.0,-11.25,47.64807891845703,77.57472229003906,13.896249771118164,182.5536651611328,7.989853858947754
359.0,-11.25,48.13690948486328,78.43241119384766,13.945951461791992,182.11520385742188,7.989853858947754
38.0,-16.875,27.539875030517578,64.85564422607422,13.225471496582031,153.1055908203125,7.989853858947754
39.0,-16.875,25.832984924316406,63.120826721191406,12.966775894165039,152.8848876953125,7.989853858947754
40.0,-16.875,24.599586486816406,61.848628997802734,12.7798433303833,152.64625549316406,7.989853858947754
41.0,-16.875,23.460710525512695,60.66801452636719,12.607234954833984,152.43374633789062,7.989853858947754
42.0,-16.875,22.814586639404297,59.96488571166992,12.509308815002441,152.1639404296875,7.989853858947754
43.0,-16.875,22.280780792236328,59.367855072021484,12.428404808044434,151.89329528808594,7.989853858947754
44.0,-16.875,21.69249153137207,58.71590805053711,12.339244842529297,151.65467834472656,7.989853858947754
45.0,-16.875,21.222862243652344,58.17589569091797,12.268068313598633,151.40792846679688,7.989853858947754
46.0,-16.875,20.88843536376953,57.762535095214844,12.217381477355957,151.14271545410156,7.989853858947754
47.0,-16.875,20.58937644958496,57.37971115112305,12.172056198120117,150.88035583496094,7.989853858947754
48.0,-16.875,20.37334442138672,57.0721435546875,12.139314651489258,150.60496520996094,7.989853858947754
49.0,-16.875,20.138471603393555,56.74331283569336,12.103717803955078,150.34445190429688,7.989853858947754
50.0,-16.875,19.884462356567383,56.393470764160156,12.06521987915039,150.099853515625,7.989853858947754
51.0,-16.875,19.6520938873291,56.06094741821289,12.03000259399414,149.85801696777344,7.989853858947754
52.0,-16.875,19.437793731689453,55.7423095703125,11.99752426147461,149.6192169189453,7.989853858947754
53.0,-16.875,19.274871826171875,55.46784973144531,11.972830772399902,149.3699951171875,7.989853858947754
54.0,-16.875,19.17969512939453,55.251583099365234,11.958405494689941,149.10147094726562,7.989853858947754
55.0,-16.875,19.077796936035156,55.02529525756836,11.942961692810059,148.84103393554688,7.989853858947754
56.0,-16.875,18.872270584106445,54.702789306640625,11.911812782287598,148.63027954101562,7.989853858947754
57.0,-16.875,18.71214485168457,54.418365478515625,11.887542724609375,148.40834045410156,7.989853858947754
58.0,-16.875,18.623247146606445,54.19381332397461,11.87407112121582,148.16134643554688,7.989853858947754
59.0,-16.875,18.523988723754883,53.956703186035156,11.859027862548828,147.92454528808594,7.989853858947754
60.0,-16.875,18.418319702148438,53.710811614990234,11.843010902404785,147.696533203125,7.989853858947754
61.0,-16.875,18.3388729095459,53.484222412109375,11.830970764160156,147.46127319335938,7.989853858947754
62.0,-16.875,18.25804901123047,53.253108978271484,11.818721771240234,147.2318878173828,7.989853858947754
63.0,-16.875,18.171382904052734,53.01389694213867,11.805586814880371,147.0108642578125,7.989853858947754
64.0,-16.875,18.182819366455078,52.85251998901367,11.807319641113281,146.7417449951172,7.989853858947754
65.0,-16.875,18.194171905517578,52.68629455566406,11.809040069580078,146.47537231445312,7.989853858947754
66.0,-16.875,18.069116592407227,52.40559005737305,11.79008674621582,146.2901153564453,7.989853858947754
67.0,-16.875,17.96031951904297,52.13587188720703,11.77359676361084,146.10195922851562,7.989853858947754
68.0,-16.875,17.970691680908203,51.957481384277344,11.77517032623291,145.8483123779297,7.989853858947754
69.0,-16.875,18.005552291870117,51.793514251708984,11.780452728271484,145.5825958251953,7.989853858947754
70.0,-16.875,18.06791877746582,51.645530700683594,11.789904594421387,145.30201721191406,7.989853858947754
71.0,-16.875,18.085222244262695,51.458126068115234,11.792527198791504,145.05218505859375,7.989853858947754
72.0,-16.875,18.089618682861328,51.25663757324219,11.793194770812988,144.8138885498047,7.989853858947754
73.0,-16.875,18.041988372802734,51.01305389404297,11.78597354888916,144.61383056640625,7.989853858947754
74.0,-16.875,18.01530647277832,50.781612396240234,11.78193187713623,144.4044189453125,7.989853858947754
75.0,-16.875,18.00257110595703,50.55668640136719,11.780001640319824,144.18972778320312,7.989853858947754
76.0,-16.875,18.030696868896484,50.356502532958984,11.784263610839844,143.95033264160156,7.989853858947754
77.0,-16.875,18.046070098876953,50.14315414428711,11.78659439086914,143.72328186035156,7.989853858947754
78.0,-16.875,18.054237365722656,49.92087173461914,11.78783130645752,143.50506591796875,7.989853858947754
79.0,-16.875,18.015872955322266,49.664241790771484,11.78201675415039,143.3251190185547,7.989853858947754
80.0,-16.875,17.97045135498047,49.40048599243164,11.775134086608887,143.15542602539062,7.989853858947754
81.0,-16.875,17.932621002197266,49.13916778564453,11.769399642944336,142.9850616455078,7.989853858947754
82.0,-16.875,17.899385452270508,48.878257751464844,11.764362335205078,142.81614685058594,7.989853858947754
83.0,-16.875,17.86893081665039,48.61656188964844,11.759747505187988,142.6499786376953,7.989853858947754
84.0,-16.875,17.87366485595703,48.37310791015625,11.76046371459961,142.46075439453125,7.989853858947754
85.0,-16.875,17.92250633239746,48.151634216308594,11.767866134643555,142.24026489257812,7.989853858947754
86.0,-16.875,17.88198471069336,47.87563705444336,11.761724472045898,142.0959930419922,7.989853858947754
87.0,-16.875,17.78965950012207,47.56949996948242,11.747733116149902,141.99966430664062,7.989853858947754
88.0,-16.875,17.760700225830078,47.296695709228516,11.743343353271484,141.85671997070312,7.989853858947754
89.0,-16.875,17.790863037109375,47.05238723754883,11.74791431427002,141.6689910888672,7.989853858947754
90.0,-16.875,17.837215423583984,46.81251907348633,11.754940032958984,141.47149658203125,7.989853858947754
91.0,-16.875,17.827919006347656,46.541465759277344,11.753530502319336,141.32569885253906,7.989853858947754
92.0,-16.875,17.81937026977539,46.268402099609375,11.75223445892334,141.18408203125,7.989853858947754
93.0,-16.875,17.766036987304688,45.97261428833008,11.744152069091797,141.0865936279297,7.989853858947754
94.0,-16.875,17.717819213867188,45.67823791503906,11.73684310913086,140.99017333984375,7.989853858947754
95.0,-16.875,17.67665672302246,45.3859748840332,11.730606079101562,140.89297485351562,7.989853858947754
96.0,-16.875,17.67835807800293,45.11026382446289,11.730863571166992,140.76263427734375,7.989853858947754
97.0,-16.875,17.55767250061035,44.784080505371094,11.712571144104004,140.74806213378906,7.989853858947754
98.0,-16.875,17.49495506286621,44.481529235839844,11.7030668258667,140.6870574951172,7.989853858947754
99.0,-16.875,17.54485511779785,44.21973419189453,11.7106294631958,140.52816772460938,7.989853858947754
100.0,-16.875,17.595558166503906,43.954673767089844,11.718314170837402,140.37281799316406,7.989853858947754
101.0,-16.875,17.50717544555664,43.64026641845703,11.704919815063477,140.35142517089844,7.989853858947754
102.0,-16.875,17.437057495117188,43.33269500732422,11.694292068481445,140.3188934326172,7.989853858947754
103.0,-16.875,17.3651065826416,43.025211334228516,11.683387756347656,140.29383850097656,7.989853858947754
104.0,-16.875,17.349416732788086,42.734310150146484,11.681009292602539,140.22119140625,7.989853858947754
105.0,-16.875,17.339691162109375,42.44401168823242,11.679534912109375,140.1480255126953,7.989853858947754
106.0,-16.875,17.321027755737305,42.15043640136719,11.676706314086914,140.08853149414062,7.989853858947754
107.0,-16.875,17.217174530029297,41.83654022216797,11.660966873168945,140.1161346435547,7.989853858947754
108.0,-16.875,17.156124114990234,41.5340690612793,11.651714324951172,140.10830688476562,7.989853858947754
109.0,-16.875,17.172754287719727,41.24782943725586,11.654233932495117,140.03073120117188,7.989853858947754
110.0,-16.875,17.191747665405273,40.96041488647461,11.657112121582031,139.955810546875,7.989853858947754
111.0,-16.875,17.122825622558594,40.6571044921875,11.646665573120117,139.97157287597656,7.989853858947754
112.0,-16.875,17.05232810974121,40.35504913330078,11.635982513427734,139.99435424804688,7.989853858947754
113.0,-16.875,17.032264709472656,40.06114196777344,11.632940292358398,139.97314453125,7.989853858947754
114.0,-16.875,17.02292251586914,39.76845169067383,11.631525993347168,139.9465789794922,7.989853858947754
115.0,-16.875,17.058805465698242,39.479774475097656,11.636964797973633,139.88064575195312,7.989853858947754
116.0,-16.875,17.0913028717041,39.18910598754883,11.641888618469238,139.8230438232422,7.989853858947754
117.0,-16.875,17.102108001708984,38.895626068115234,11.64352798461914,139.79188537597656,7.989853858947754
118.0,-16.875,17.113906860351562,38.60149383544922,11.645315170288086,139.76486206054688,7.989853858947754
119.0,-16.875,17.07925796508789,38.3055419921875,11.640064239501953,139.7888641357422,7.989853858947754
120.0,-16.875,17.058382034301758,38.01076889038086,11.636899948120117,139.80442810058594,7.989853858947754
121.0,-16.875,17.059133529663086,37.71648025512695,11.63701343536377,139.8037567138672,7.989853858947754
122.0,-16.875,17.05919647216797,37.42222595214844,11.637022972106934,139.80889892578125,7.989853858947754
123.0,-16.875,17.09103775024414,37.12673568725586,11.641849517822266,139.7877960205078,7.989853858947754
124.0,-16.875,17.13458824157715,36.82966232299805,11.648449897766113,139.7603302001953,7.989853858947754
125.0,-16.875,17.13558006286621,36.53470993041992,11.648601531982422,139.78004455566406,7.989853858947754
126.0,-16.875,17.1411190032959,36.23970031738281,11.649438858032227,139.80043029785156,7.989853858947754
127.0,-16.875,17.16876220703125,35.94252014160156,11.653630256652832,139.80426025390625,7.989853858947754
128.0,-16.875,17.1937255859375,35.64532470703125,11.657413482666016,139.8159637451172,7.989853858947754
129.0,-16.875,17.22637939453125,35.34682846069336,11.662362098693848,139.8253936767578,7.989853858947754
130.0,-16.875,17.240690231323242,35.05097961425781,11.664530754089355,139.85800170898438,7.989853858947754
131.0,-16.875,17.30899429321289,34.74576187133789,11.674881935119629,139.8433380126953,7.989853858947754
132.0,-16.875,17.37272834777832,34.44008255004883,11.684541702270508,139.83865356445312,7.989853858947754
133.0,-16.875,17.414037704467773,34.138092041015625,11.690804481506348,139.86117553710938,7.989853858947754
134.0,-16.875,17.481740951538086,33.82975769042969,11.701065063476562,139.86375427246094,7.989853858947754
135.0,-16.875,17.538827896118164,33.52300262451172,11.709715843200684,139.8821563720703,7.989853858947754
136.0,-16.875,17.6085147857666,33.212337493896484,11.720276832580566,139.8941650390625,7.989853858947754
137.0,-16.875,17.655691146850586,32.90709686279297,11.727428436279297,139.93325805664062,7.989853858947754
138.0,-16.875,17.766633987426758,32.58284378051758,11.744242668151855,139.9178009033203,7.989853858947754
139.0,-16.875,17.926660537719727,32.24113464355469,11.768497467041016,139.8625946044922,7.989853858947754
140.0,-16.875,18.02731704711914,31.91551971435547,11.783750534057617,139.86956787109375,7.989853858947754
141.0,-16.875,18.167591094970703,31.57470703125,11.805012702941895,139.8461456298828,7.989853858947754
142.0,-16.875,18.302349090576172,31.233293533325195,11.825433731079102,139.83460998535156,7.989853858947754
143.0,-16.875,18.408946990966797,30.900226593017578,11.84158992767334,139.85562133789062,7.989853858947754
144.0,-16.875,18.565210342407227,30.54629135131836,11.865274429321289,139.83815002441406,7.989853858947754
145.0,-16.875,18.730968475341797,30.18575668334961,11.890397071838379,139.8194122314453,7.989853858947754
146.0,-16.875,18.887657165527344,29.82621955871582,11.914144515991211,139.81626892089844,7.989853858947754
147.0,-16.875,19.04900550842285,29.46219253540039,11.9385986328125,139.81646728515625,7.989853858947754
148.0,-16.875,19.212339401245117,29.0948429107666,11.963354110717773,139.82254028320312,7.989853858947754
149.0,-16.875,19.433452606201172,28.697904586791992,11.996864318847656,139.78616333007812,7.989853858947754
150.0,-16.875,19.64337921142578,28.30250358581543,12.028679847717285,139.7681884765625,7.989853858947754
151.0,-16.875,19.852046966552734,27.904333114624023,12.060307502746582,139.760009765625,7.989853858947754
152.0,-16.875,20.06892967224121,27.498762130737305,12.093178749084473,139.7537078857422,7.989853858947754
153.0,-16.875,20.396160125732422,27.031339645385742,12.142773628234863,139.66448974609375,7.989853858947754
154.0,-16.875,20.595380783081055,26.6275634765625,12.172966957092285,139.6920166015625,7.989853858947754
155.0,-16.875,20.86864471435547,26.18001365661621,12.214381217956543,139.66819763183594,7.989853858947754
156.0,-16.875,21.278629302978516,25.64974594116211,12.276518821716309,139.54490661621094,7.989853858947754
157.0,-16.875,21.593650817871094,25.167537689208984,12.324265480041504,139.51048278808594,7.989853858947754
158.0,-16.875,21.849531173706055,24.716066360473633,12.363045692443848,139.53411865234375,7.989853858947754
159.0,-16.875,22.178619384765625,24.21653175354004,12.412921905517578,139.51173400878906,7.989853858947754
160.0,-16.875,22.655847549438477,23.619112014770508,12.485250473022461,139.388671875,7.989853858947754
161.0,-16.875,23.108707427978516,23.028972625732422,12.553885459899902,139.29966735839844,7.989853858947754
162.0,-16.875,23.596847534179688,22.408367156982422,12.627866744995117,139.19998168945312,7.989853858947754
163.0,-16.875,24.070030212402344,21.789840698242188,12.699583053588867,139.127685546875,7.989853858947754
164.0,-16.875,24.57209014892578,21.144535064697266,12.775674819946289,139.05105590820312,7.989853858947754
165.0,-16.875,25.38188934326172,20.27849769592285,12.898408889770508,138.77481079101562,7.989853858947754
166.0,-16.875,26.246543884277344,19.35921287536621,13.029454231262207,138.48561096191406,7.989853858947754
167.0,-16.875,27.06496810913086,18.457813262939453,13.153494834899902,138.2546844482422,7.989853858947754
168.0,-16.875,28.18695831298828,17.321622848510742,13.323543548583984,137.84718322753906,7.989853858947754
169.0,-16.875,29.487648010253906,16.033222198486328,13.520676612854004,137.35694885253906,7.989853858947754
170.0,-16.875,31.810129165649414,13.953595161437988,13.872671127319336,136.25045776367188,7.989853858947754
42.0,-22.5,26.51491928100586,63.24246597290039,14.354066848754883,151.09359741210938,7.989853858947754
43.0,-22.5,25.342121124267578,62.02346420288086,14.119525909423828,150.91757202148438,7.989853858947754
44.0,-22.5,24.3154354095459,60.945064544677734,13.914207458496094,150.74676513671875,7.989853858947754
45.0,-22.5,23.647552490234375,60.207313537597656,13.780641555786133,150.5185089111328,7.989853858947754
46.0,-22.5,23.176311492919922,59.653663635253906,13.6864013671875,150.25979614257812,7.989853858947754
47.0,-22.5,22.656435012817383,59.052452087402344,13.582435607910156,150.03274536132812,7.989853858947754
48.0,-22.5,22.212173461914062,58.52040100097656,13.49359130859375,149.8013153076172,7.989853858947754
49.0,-22.5,21.82187271118164,58.03672790527344,13.415536880493164,149.56884765625,7.989853858947754
50.0,-22.5,21.404617309570312,57.526580810546875,13.33209228515625,149.36032104492188,7.989853858947754
51.0,-22.5,21.234390258789062,57.24079132080078,13.298049926757812,149.0791473388672,7.989853858947754
52.0,-22.5,21.12708282470703,57.00823211669922,13.276590347290039,148.78224182128906,7.989853858947754
53.0,-22.5,20.938007354736328,56.69770050048828,13.238779067993164,148.52291870117188,7.989853858947754
54.0,-22.5,20.658493041992188,56.30329132080078,13.182880401611328,148.30859375,7.989853858947754
55.0,-22.5,20.500953674316406,56.01519012451172,13.151376724243164,148.05429077148438,7.989853858947754
56.0,-22.5,20.377029418945312,55.75336837768555,13.126592636108398,147.79283142089844,7.989853858947754
57.0,-22.5,20.260339736938477,55.49427795410156,13.103256225585938,147.5346221923828,7.989853858947754
58.0,-22.5,20.155086517333984,55.241519927978516,13.082208633422852,147.2774200439453,7.989853858947754
59.0,-22.5,20.045333862304688,54.9813346862793,13.060259819030762,147.0283966064453,7.989853858947754
60.0,-22.5,19.9194278717041,54.70412063598633,13.035079956054688,146.7935791015625,7.989853858947754
61.0,-22.5,19.78302574157715,54.41518020629883,13.00780200958252,146.5708465576172,7.989853858947754
62.0,-22.5,19.741497039794922,54.20213317871094,12.999499320983887,146.30538940429688,7.989853858947754
63.0,-22.5,19.791213989257812,54.05951690673828,13.009439468383789,145.99508666992188,7.989853858947754
64.0,-22.5,19.726228713989258,53.81828308105469,12.996444702148438,145.7500762939453,7.989853858947754
65.0,-22.5,19.66028594970703,53.57268142700195,12.983255386352539,145.51077270507812,7.989853858947754
66.0,-22.5,19.62060546875,53.34431838989258,12.975321769714355,145.26144409179688,7.989853858947754
67.0,-22.5,19.557281494140625,53.0936393737793,12.96265697479248,145.03074645996094,7.989853858947754
68.0,-22.5,19.480342864990234,52.82918167114258,12.947271347045898,144.8135986328125,7.989853858947754
69.0,-22.5,19.460430145263672,52.604984283447266,12.94328784942627,144.56666564941406,7.989853858947754
70.0,-22.5,19.474468231201172,52.40207290649414,12.946096420288086,144.30239868164062,7.989853858947754
71.0,-22.5,19.47570037841797,52.185001373291016,12.946342468261719,144.04981994628906,7.989853858947754
72.0,-22.5,19.499032974243164,51.97953796386719,12.951008796691895,143.7864532470703,7.989853858947754
73.0,-22.5,19.54071807861328,51.78231430053711,12.959345817565918,143.5140838623047,7.989853858947754
74.0,-22.5,19.605947494506836,51.59634780883789,12.972389221191406,143.22853088378906,7.989853858947754
75.0,-22.5,19.600261688232422,51.3558464050293,12.971253395080566,142.9949493408203,7.989853858947754
76.0,-22.5,19.55982208251953,51.0878791809082,12.963165283203125,142.79031372070312,7.989853858947754
77.0,-22.5,19.465612411499023,50.781211853027344,12.944324493408203,142.62962341308594,7.989853858947754
78.0,-22.5,19.351463317871094,50.46001434326172,12.921496391296387,142.49000549316406,7.989853858947754
79.0,-22.5,19.40056610107422,50.242034912109375,12.931318283081055,142.2358856201172,7.989853858947754
80.0,-22.5,19.553062438964844,50.08359146118164,12.961813926696777,141.90701293945312,7.989853858947754
81.0,-22.5,19.607210159301758,49.85728454589844,12.972643852233887,141.6546173095703,7.989853858947754
82.0,-22.5,19.527673721313477,49.545921325683594,12.95673656463623,141.50938415527344,7.989853858947754
83.0,-22.5,19.348329544067383,49.17481994628906,12.920869827270508,141.44891357421875,7.989853858947754
84.0,-22.5,19.31097984313965,48.88623046875,12.91340160369873,141.2836456298828,7.989853858947754
85.0,-22.5,19.281780242919922,48.599857330322266,12.907561302185059,141.1172332763672,7.989853858947754
86.0,-22.5,19.285991668701172,48.329158782958984,12.908403396606445,140.92886352539062,7.989853858947754
87.0,-22.5,19.279029846191406,48.049251556396484,12.907011985778809,140.75442504882812,7.989853858947754
88.0,-22.5,19.260753631591797,47.76063537597656,12.903358459472656,140.5944061279297,7.989853858947754
89.0,-22.5,19.19841766357422,47.44755172729492,12.890892028808594,140.4767608642578,7.989853858947754
90.0,-22.5,19.18946647644043,47.15922927856445,12.889101028442383,140.3196563720703,7.989853858947754
91.0,-22.5,19.175518035888672,46.86600112915039,12.886312484741211,140.17198181152344,7.989853858947754
92.0,-22.5,19.116212844848633,46.54985046386719,12.87445068359375,140.06893920898438,7.989853858947754
93.0,-22.5,19.04533576965332,46.22776794433594,12.860276222229004,139.98202514648438,7.989853858947754
94.0,-22.5,18.91902732849121,45.881832122802734,12.835018157958984,139.95025634765625,7.989853858947754
95.0,-22.5,18.86521339416504,45.566932678222656,12.824254989624023,139.86087036132812,7.989853858947754
96.0,-22.5,18.89187240600586,45.2829475402832,12.829586029052734,139.7051239013672,7.989853858947754
97.0,-22.5,18.857168197631836,44.97275161743164,12.822647094726562,139.60968017578125,7.989853858947754
98.0,-22.5,18.74712371826172,44.63429260253906,12.800638198852539,139.58851623535156,7.989853858947754
99.0,-22.5,18.688758850097656,44.315101623535156,12.788969039916992,139.52655029296875,7.989853858947754
100.0,-22.5,18.61881446838379,43.99199676513672,12.774979591369629,139.48118591308594,7.989853858947754
101.0,-22.5,18.503219604492188,43.655006408691406,12.751862525939941,139.4842529296875,7.989853858947754
102.0,-22.5,18.400184631347656,43.323726654052734,12.731256484985352,139.48208618164062,7.989853858947754
103.0,-22.5,18.39178466796875,43.02065658569336,12.729578971862793,139.39736938476562,7.989853858947754
104.0,-22.5,18.381942749023438,42.715911865234375,12.72761058807373,139.31935119628906,7.989853858947754
105.0,-22.5,18.340354919433594,42.40216064453125,12.719291687011719,139.2768096923828,7.989853858947754
106.0,-22.5,18.318084716796875,42.09286880493164,12.71484088897705,139.22152709960938,7.989853858947754
107.0,-22.5,18.29268455505371,41.782352447509766,12.709759712219238,139.1747283935547,7.989853858947754
108.0,-22.5,18.243669509887695,41.46683883666992,12.699956893920898,139.15611267089844,7.989853858947754
109.0,-22.5,18.170673370361328,41.14753723144531,12.685359001159668,139.166259765625,7.989853858947754
110.0,-22.5,18.067583084106445,40.82476806640625,12.664743423461914,139.21127319335938,7.989853858947754
111.0,-22.5,18.09503746032715,40.52374267578125,12.670235633850098,139.13572692871094,7.989853858947754
112.0,-22.5,18.087528228759766,40.2164306640625,12.668733596801758,139.09933471679688,7.989853858947754
113.0,-22.5,18.04391098022461,39.90458297729492,12.66001033782959,139.1034698486328,7.989853858947754
114.0,-22.5,17.97944450378418,39.59159469604492,12.647115707397461,139.13345336914062,7.989853858947754
115.0,-22.5,17.971027374267578,39.284698486328125,12.645431518554688,139.1142578125,7.989853858947754
116.0,-22.5,17.995126724243164,38.97966766357422,12.650252342224121,139.06863403320312,7.989853858947754
117.0,-22.5,18.010852813720703,38.673099517822266,12.653398513793945,139.03651428222656,7.989853858947754
118.0,-22.5,17.96468734741211,38.364036560058594,12.644165992736816,139.0703582763672,7.989853858947754
119.0,-22.5,17.93556022644043,38.056583404541016,12.638343811035156,139.09291076660156,7.989853858947754
120.0,-22.5,17.950702667236328,37.74978256225586,12.641368865966797,139.07745361328125,7.989853858947754
121.0,-22.5,17.951908111572266,37.44282531738281,12.641609191894531,139.0810089111328,7.989853858947754
122.0,-22.5,17.90827178955078,37.13777542114258,12.632883071899414,139.13381958007812,7.989853858947754
123.0,-22.5,17.926239013671875,36.83088684082031,12.636476516723633,139.13165283203125,7.989853858947754
124.0,-22.5,17.947429656982422,36.523460388183594,12.640715599060059,139.1317138671875,7.989853858947754
125.0,-22.5,17.96916389465332,36.215660095214844,12.645061492919922,139.1366424560547,7.989853858947754
126.0,-22.5,18.00859832763672,35.905704498291016,12.652946472167969,139.12974548339844,7.989853858947754
127.0,-22.5,18.049114227294922,35.59486389160156,12.661050796508789,139.12728881835938,7.989853858947754
128.0,-22.5,18.09110450744629,35.28313446044922,12.66944694519043,139.12892150878906,7.989853858947754
129.0,-22.5,18.135257720947266,34.97042465209961,12.678277015686035,139.13401794433594,7.989853858947754
130.0,-22.5,18.159809112548828,34.66056823730469,12.683186531066895,139.16358947753906,7.989853858947754
131.0,-22.5,18.204334259033203,34.34700393676758,12.69209098815918,139.17945861816406,7.989853858947754
132.0,-22.5,18.23834800720215,34.03522491455078,12.698892593383789,139.2110137939453,7.989853858947754
133.0,-22.5,18.28252410888672,33.72117614746094,12.707727432250977,139.2384490966797,7.989853858947754
134.0,-22.5,18.38034439086914,33.393863677978516,12.727289199829102,139.2206268310547,7.989853858947754
135.0,-22.5,18.470829010009766,33.06657409667969,12.74538516998291,139.21588134765625,7.989853858947754
136.0,-22.5,18.561870574951172,32.73760986328125,12.763591766357422,139.2167510986328,7.989853858947754
137.0,-22.5,18.660350799560547,32.4050407409668,12.783287048339844,139.21685791015625,7.989853858947754
138.0,-22.5,18.81932258605957,32.05223846435547,12.81507682800293,139.1670379638672,7.989853858947754
139.0,-22.5,18.94510841369629,31.706830978393555,12.84023380279541,139.15493774414062,7.989853858947754
140.0,-22.5,19.022235870361328,31.3758544921875,12.855659484863281,139.1942901611328,7.989853858947754
141.0,-22.5,19.195173263549805,31.01015853881836,12.890240669250488,139.1524658203125,7.989853858947754
142.0,-22.5,19.318378448486328,30.659591674804688,12.914880752563477,139.16319274902344,7.989853858947754
143.0,-22.5,19.447086334228516,30.30518913269043,12.940619468688965,139.1759033203125,7.989853858947754
144.0,-22.5,19.621875762939453,29.930400848388672,12.97557544708252,139.15457153320312,7.989853858947754
145.0,-22.5,19.792285919189453,29.55443572998047,13.009654998779297,139.14491271972656,7.989853858947754
146.0,-22.5,19.971223831176758,29.172025680541992,13.045437812805176,139.13560485839844,7.989853858947754
147.0,-22.5,20.144115447998047,28.789499282836914,13.080013275146484,139.13961791992188,7.989853858947754
148.0,-22.5,20.426753997802734,28.353376388549805,13.136536598205566,139.0570831298828,7.989853858947754
149.0,-22.5,20.663511276245117,27.933698654174805,13.183883666992188,139.023681640625,7.989853858947754
150.0,-22.5,20.887619018554688,27.516263961791992,13.228702545166016,139.01031494140625,7.989853858947754
151.0,-22.5,21.04470443725586,27.129560470581055,13.26011848449707,139.06227111816406,7.989853858947754
152.0,-22.5,21.381301879882812,26.647354125976562,13.327428817749023,138.97384643554688,7.989853858947754
153.0,-22.5,21.69722557067871,26.169984817504883,13.390608787536621,138.9138946533203,7.989853858947754
154.0,-22.5,22.014432907104492,25.68644142150879,13.454045295715332,138.8642578125,7.989853858947754
155.0,-22.5,22.294044494628906,25.21898651123047,13.509963989257812,138.856201171875,7.989853858947754
156.0,-22.5,22.78093910217285,24.627117156982422,13.607332229614258,138.6956024169922,7.989853858947754
157.0,-22.5,23.24756622314453,24.037933349609375,13.700651168823242,138.56613159179688,7.989853858947754
158.0,-22.5,23.650665283203125,23.478931427001953,13.78126335144043,138.5006561279297,7.989853858947754
159.0,-22.5,24.08480453491211,22.89420509338379,13.868083953857422,138.42576599121094,7.989853858947754
160.0,-22.5,24.746227264404297,22.158279418945312,14.000356674194336,138.19622802734375,7.989853858947754
161.0,-22.5,25.141061782836914,21.58258628845215,14.07931900024414,138.18295288085938,7.989853858947754
162.0,-22.5,26.067386627197266,20.65069580078125,14.264565467834473,137.79957580566406,7.989853858947754
163.0,-22.5,26.710254669189453,19.89141845703125,14.393128395080566,137.6451416015625,7.989853858947754
164.0,-22.5,27.83504295349121,18.791343688964844,14.618069648742676,137.17416381835938,7.989853858947754
165.0,-22.5,29.17498207092285,17.519556045532227,14.886032104492188,136.58795166015625,7.989853858947754
166.0,-22.5,30.98920440673828,15.885331153869629,15.248846054077148,135.7199249267578,7.989853858947754
