angle,vert_angle,dist,x,y,z,height
0.0,22.5,52.38528060913086,176.2244415283203,20.37317657470703,198.85736083984375,38.217079162597656
1.0,22.5,50.9461669921875,176.58912658691406,21.255517959594727,197.5662841796875,38.217079162597656
2.0,22.5,49.75243377685547,176.97152709960938,21.987407684326172,196.45950317382812,38.217079162597656
3.0,22.5,48.464073181152344,177.2948455810547,22.777324676513672,195.28062438964844,38.217079162597656
4.0,22.5,45.63566589355469,177.16868591308594,24.511465072631836,192.9574432373047,38.217079162597656
5.0,22.5,42.944488525390625,177.00390625,26.16146469116211,190.75169372558594,38.217079162597656
6.0,22.5,40.269325256347656,176.77081298828125,27.801654815673828,188.57437133789062,38.217079162597656
7.0,22.5,39.24880599975586,176.9721221923828,28.42734718322754,187.6204833984375,38.217079162597656
8.0,22.5,37.582435607910156,176.9379425048828,29.449012756347656,186.2019500732422,38.217079162597656
9.0,22.5,36.25786590576172,176.97132873535156,30.261131286621094,185.038818359375,38.217079162597656
10.0,22.5,35.196414947509766,177.058349609375,30.911914825439453,184.07022094726562,38.217079162597656
11.0,22.5,34.48761749267578,177.240966796875,31.34649085998535,183.35540771484375,38.217079162597656
12.0,22.5,33.726356506347656,177.38304138183594,31.813236236572266,182.6053466796875,38.217079162597656
13.0,22.5,32.9250602722168,177.48753356933594,32.30451965332031,181.83016967773438,38.217079162597656
14.0,22.5,32.25886535644531,177.62188720703125,32.712974548339844,181.1513214111328,38.217079162597656
15.0,22.5,31.677146911621094,177.77061462402344,33.069637298583984,180.5321807861328,38.217079162597656
16.0,22.5,31.19150161743164,177.941650390625,33.367393493652344,179.97921752929688,38.217079162597656
17.0,22.5,30.718177795410156,178.10263061523438,33.657596588134766,179.4351043701172,38.217079162597656
18.0,22.5,30.303003311157227,178.27418518066406,33.91214370727539,178.93002319335938,38.217079162597656
19.0,22.5,29.926525115966797,178.44960021972656,34.14296340942383,178.4503631591797,38.217079162597656
20.0,22.5,29.540691375732422,178.6080780029297,34.37952423095703,177.96470642089844,38.217079162597656
21.0,22.5,29.36798858642578,178.8546142578125,34.48542022705078,177.61434936523438,38.217079162597656
22.0,22.5,28.911758422851562,178.95582580566406,34.76513671875,177.0841827392578,38.217079162597656
23.0,22.5,28.704483032226562,179.16607666015625,34.892215728759766,176.70950317382812,38.217079162597656
24.0,22.5,28.56433868408203,179.40147399902344,34.9781379699707,176.373779296875,38.217079162597656
25.0,22.5,28.17766571044922,179.50225830078125,35.2152214050293,175.8878173828125,38.217079162597656
26.0,22.5,27.98756980895996,179.6940460205078,35.33177185058594,175.5194549560547,38.217079162597656
27.0,22.5,27.808364868164062,179.88327026367188,35.4416389465332,175.1558837890625,38.217079162597656
28.0,22.5,27.754478454589844,180.13287353515625,35.47468566894531,174.86219787597656,38.217079162597656
29.0,22.5,27.546499252319336,180.2909698486328,35.602195739746094,174.47836303710938,38.217079162597656
30.0,22.5,27.505306243896484,180.53480529785156,35.6274528503418,174.1857147216797,38.217079162597656
31.0,22.5,27.361629486083984,180.71408081054688,35.715545654296875,173.83384704589844,38.217079162597656
32.0,22.5,27.31127166748047,180.94046020507812,35.74641799926758,173.52987670898438,38.217079162597656
33.0,22.5,27.267091751098633,181.1647186279297,35.773502349853516,173.22572326660156,38.217079162597656
34.0,22.5,27.228195190429688,181.3863983154297,35.79734802246094,172.92088317871094,38.217079162597656
35.0,22.5,27.170984268188477,181.59120178222656,35.832427978515625,172.6034698486328,38.217079162597656
36.0,22.5,27.078283309936523,181.76788330078125,35.88926315307617,172.2658233642578,38.217079162597656
37.0,22.5,27.122222900390625,182.02386474609375,35.862327575683594,171.9914093017578,38.217079162597656
38.0,22.5,27.11212730407715,182.2409210205078,35.8685188293457,171.68687438964844,38.217079162597656
39.0,22.5,27.353246688842773,182.61471557617188,35.72068786621094,171.4931182861328,38.217079162597656
40.0,22.5,27.302968978881836,182.79656982421875,35.75151062011719,171.16073608398438,38.217079162597656
41.0,22.5,27.33440589904785,183.02622985839844,35.73223114013672,170.86114501953125,38.217079162597656
42.0,22.5,27.69061279296875,183.46795654296875,35.513832092285156,170.69395446777344,38.217079162597656
43.0,22.5,27.76581573486328,183.7194061279297,35.46773147583008,170.39991760253906,38.217079162597656
44.0,22.5,27.940349578857422,184.03402709960938,35.360721588134766,170.14010620117188,38.217079162597656
45.0,22.5,28.470321655273438,184.5903778076172,35.03579330444336,170.00975036621094,38.217079162597656
46.0,22.5,28.500402450561523,184.79983520507812,35.01734161376953,169.67665100097656,38.217079162597656
47.0,22.5,28.684329986572266,185.1117401123047,34.904571533203125,169.39515686035156,38.217079162597656
48.0,22.5,29.42842674255371,185.81687927246094,34.44835662841797,169.3013916015625,38.217079162597656
49.0,22.5,29.688060760498047,186.17843627929688,34.28917694091797,169.0231170654297,38.217079162597656
50.0,22.5,30.333147048950195,186.81431579589844,33.89366149902344,168.8601531982422,38.217079162597656
51.0,22.5,30.856176376342773,187.36221313476562,33.5729866027832,168.6399688720703,38.217079162597656
52.0,22.5,32.14405822753906,188.4683837890625,32.78335952758789,168.63194274902344,38.217079162597656
53.0,22.5,33.897281646728516,189.92355346679688,31.708436965942383,168.7210693359375,38.217079162597656
54.0,22.5,35.69563674926758,191.4220733642578,30.605846405029297,168.7744598388672,38.217079162597656
55.0,22.5,39.95068359375,194.76243591308594,27.99700355529785,169.4166717529297,38.217079162597656
56.0,22.5,46.41461944580078,199.79000854492188,24.033876419067383,170.489990234375,38.217079162597656
57.0,22.5,52.26906967163086,204.4027099609375,20.44442367553711,171.24807739257812,38.217079162597656
58.0,22.5,53.93203353881836,205.8713836669922,19.424846649169922,170.9243621826172,38.217079162597656
59.0,22.5,55.40034103393555,207.19198608398438,18.524600982666016,170.51266479492188,38.217079162597656
60.0,22.5,56.77138900756836,208.43585205078125,17.68398666381836,170.03955078125,38.217079162597656
61.0,22.5,57.63921356201172,209.28872680664062,17.151920318603516,169.43563842773438,38.217079162597656
62.0,22.5,58.345577239990234,210.00888061523438,16.718833923339844,168.77830505371094,38.217079162597656
63.0,22.5,58.44346237182617,210.2478790283203,16.6588134765625,168.00559997558594,38.217079162597656
64.0,22.5,58.85987854003906,210.72128295898438,16.40350341796875,167.27206420898438,38.217079162597656
65.0,22.5,59.3170280456543,211.21453857421875,16.12322235107422,166.5298614501953,38.217079162597656
66.0,22.5,59.49103546142578,211.47433471679688,16.016529083251953,165.74102783203125,38.217079162597656
67.0,22.5,59.37963104248047,211.49693298339844,16.084835052490234,164.9171600341797,38.217079162597656
68.0,22.5,59.498714447021484,211.68600463867188,16.011829376220703,164.11419677734375,38.217079162597656
69.0,22.5,59.24740982055664,211.56979370117188,16.165908813476562,163.27989196777344,38.217079162597656
70.0,22.5,59.112728118896484,211.5306396484375,16.24847412109375,162.45794677734375,38.217079162597656
71.0,22.5,58.87149429321289,211.39297485351562,16.396381378173828,161.63397216796875,38.217079162597656
72.0,22.5,58.744991302490234,211.3313751220703,16.473949432373047,160.8193359375,38.217079162597656
73.0,22.5,58.70151138305664,211.3210906982422,16.500598907470703,160.00900268554688,38.217079162597656
74.0,22.5,58.44623947143555,211.12933349609375,16.657115936279297,159.19898986816406,38.217079162597656
75.0,22.5,58.3995475769043,211.0882568359375,16.685745239257812,158.3936767578125,38.217079162597656
76.0,22.5,58.343292236328125,211.0255889892578,16.720230102539062,157.59005737304688,38.217079162597656
77.0,22.5,58.326133728027344,210.9797821044922,16.730754852294922,156.7869415283203,38.217079162597656
78.0,22.5,58.20610427856445,210.83889770507812,16.804344177246094,155.99037170410156,38.217079162597656
79.0,22.5,58.04401397705078,210.65115356445312,16.903724670410156,155.20082092285156,38.217079162597656
80.0,22.5,57.8860969543457,210.453125,17.00054168701172,154.41651916503906,38.217079162597656
81.0,22.5,57.896331787109375,210.37359619140625,16.994266510009766,153.6222686767578,38.217079162597656
82.0,22.5,57.884586334228516,210.26300048828125,17.00147247314453,152.83172607421875,38.217079162597656
83.0,22.5,57.55647277832031,209.8916473388672,17.20264434814453,152.0816192626953,38.217079162597656
84.0,22.5,57.399742126464844,209.64141845703125,17.298736572265625,151.31956481933594,38.217079162597656
85.0,22.5,57.38569259643555,209.48902893066406,17.30734634399414,150.54296875,38.217079162597656
86.0,22.5,57.1063117980957,209.1179656982422,17.478649139404297,149.81219482421875,38.217079162597656
87.0,22.5,56.99092483520508,208.86135864257812,17.549388885498047,149.06309509277344,38.217079162597656
88.0,22.5,56.645843505859375,208.41586303710938,17.760955810546875,148.3634033203125,38.217079162597656
89.0,22.5,56.387107849121094,208.02536010742188,17.919601440429688,147.65878295898438,38.217079162597656
90.0,22.5,56.10164260864258,207.6032257080078,18.09461212158203,146.97027587890625,38.217079162597656
91.0,22.5,55.79862594604492,207.156982421875,18.280399322509766,146.29702758789062,38.217079162597656
92.0,22.5,55.438140869140625,206.65707397460938,18.501422882080078,145.6495361328125,38.217079162597656
93.0,22.5,55.016029357910156,206.10140991210938,18.76022720336914,145.03126525878906,38.217079162597656
94.0,22.5,54.71907043457031,205.62997436523438,18.942291259765625,144.39479064941406,38.217079162597656
95.0,22.5,54.243873596191406,205.01730346679688,19.233642578125,143.8204803466797,38.217079162597656
96.0,22.5,53.80377960205078,204.42283630371094,19.503467559814453,143.2527618408203,38.217079162597656
97.0,22.5,53.32289123535156,203.79115295410156,19.79831314086914,142.713623046875,38.217079162597656
98.0,22.5,52.75180435180664,203.0875701904297,20.148456573486328,142.22042846679688,38.217079162597656
99.0,22.5,52.01741027832031,202.26161193847656,20.598724365234375,141.8008575439453,38.217079162597656
100.0,22.5,51.17598342895508,201.3566436767578,21.114604949951172,141.44171142578125,38.217079162597656
101.0,22.5,50.38136291503906,200.48370361328125,21.601806640625,141.0921630859375,38.217079162597656
102.0,22.5,49.2398796081543,199.367431640625,22.30167007446289,140.8954315185547,38.217079162597656
103.0,22.5,47.87451171875,198.10035705566406,23.138797760009766,140.8172607421875,38.217079162597656
104.0,22.5,46.95414352416992,197.14639282226562,23.703086853027344,140.6029510498047,38.217079162597656
105.0,22.5,45.592857360839844,195.89602661132812,24.537702560424805,140.5946044921875,38.217079162597656
106.0,22.5,43.943904876708984,194.46231079101562,25.5487003326416,140.74388122558594,38.217079162597656
107.0,22.5,42.10932922363281,192.92031860351562,26.673519134521484,141.0167999267578,38.217079162597656
108.0,22.5,39.85026550292969,191.1185302734375,28.058578491210938,141.52427673339844,38.217079162597656
109.0,22.5,37.420806884765625,189.23287963867188,29.548112869262695,142.16566467285156,38.217079162597656
110.0,22.5,35.87110137939453,187.9417724609375,30.498252868652344,142.460693359375,38.217079162597656
111.0,22.5,33.26486587524414,186.0003204345703,32.09617614746094,143.29537963867188,38.217079162597656
112.0,22.5,31.190391540527344,184.4274444580078,33.368072509765625,143.9349365234375,38.217079162597656
113.0,22.5,28.667131423950195,182.6073760986328,34.91511535644531,144.846435546875,38.217079162597656
114.0,22.5,27.36434555053711,181.56631469726562,35.71388244628906,145.1993408203125,38.217079162597656
115.0,22.5,26.28460121154785,180.67657470703125,36.375892639160156,145.46893310546875,38.217079162597656
116.0,22.5,25.627195358276367,180.0502166748047,36.77894592285156,145.54281616210938,38.217079162597656
117.0,22.5,24.847064971923828,179.36021423339844,37.257259368896484,145.7001953125,38.217079162597656
118.0,22.5,23.777137756347656,178.5151824951172,37.913246154785156,146.03585815429688,38.217079162597656
119.0,22.5,23.020492553710938,177.86207580566406,38.37715530395508,146.222412109375,38.217079162597656
120.0,22.5,22.70094871520996,177.46047973632812,38.57307434082031,146.18011474609375,38.217079162597656
121.0,22.5,22.24994659423828,176.99029541015625,38.849586486816406,146.2235870361328,38.217079162597656
122.0,22.5,21.66156578063965,176.45260620117188,39.210330963134766,146.35986328125,38.217079162597656
123.0,22.5,21.214332580566406,175.99688720703125,39.48453903198242,146.427001953125,38.217079162597656
124.0,22.5,20.769107818603516,175.54811096191406,39.75751876831055,146.50489807128906,38.217079162597656
125.0,22.5,20.392189025878906,175.13958740234375,39.988609313964844,146.55271911621094,38.217079162597656
126.0,22.5,20.21155548095703,174.8319091796875,40.0993537902832,146.4890594482422,38.217079162597656
127.0,22.5,19.965843200683594,174.4940643310547,40.25000762939453,146.47325134277344,38.217079162597656
128.0,22.5,19.47610855102539,174.0448455810547,40.550270080566406,146.6209259033203,38.217079162597656
129.0,22.5,19.308185577392578,173.75030517578125,40.65322494506836,146.57261657714844,38.217079162597656
130.0,22.5,19.16151237487793,173.46630859375,40.7431526184082,146.5168914794922,38.217079162597656
131.0,22.5,18.825572967529297,173.10118103027344,40.949119567871094,146.5923614501953,38.217079162597656
132.0,22.5,18.588333129882812,172.78289794921875,41.094581604003906,146.6107177734375,38.217079162597656
133.0,22.5,18.45639991760254,172.51084899902344,41.175472259521484,146.565185546875,38.217079162597656
134.0,22.5,18.318145751953125,172.2371063232422,41.26023483276367,146.5296630859375,38.217079162597656
135.0,22.5,18.150596618652344,171.953125,41.36296081542969,146.52005004882812,38.217079162597656
136.0,22.5,17.972482681274414,171.66712951660156,41.47216033935547,146.5238800048828,38.217079162597656
137.0,22.5,17.897459030151367,171.42063903808594,41.51816177368164,146.46139526367188,38.217079162597656
138.0,22.5,17.802852630615234,171.1671905517578,41.57616424560547,146.41757202148438,38.217079162597656
139.0,22.5,17.633190155029297,170.88893127441406,41.6801872253418,146.43238830566406,38.217079162597656
140.0,22.5,17.421955108642578,170.5996551513672,41.8097038269043,146.48300170898438,38.217079162597656
141.0,22.5,17.264663696289062,170.33074951171875,41.90613555908203,146.5006561279297,38.217079162597656
142.0,22.5,17.13555908203125,170.07261657714844,41.98529052734375,146.5032196044922,38.217079162597656
143.0,22.5,17.0363712310791,169.82476806640625,42.046112060546875,146.48890686035156,38.217079162597656
144.0,22.5,16.97678565979004,169.58876037597656,42.0826416015625,146.45004272460938,38.217079162597656
145.0,22.5,16.92070770263672,169.3538360595703,42.11701965332031,146.41297912597656,38.217079162597656
146.0,22.5,16.824684143066406,169.10914611816406,42.1758918762207,146.4102325439453,38.217079162597656
147.0,22.5,16.747495651245117,168.87013244628906,42.22322082519531,146.39794921875,38.217079162597656
148.0,22.5,16.69394302368164,168.63714599609375,42.25605773925781,146.37220764160156,38.217079162597656
149.0,22.5,16.60211181640625,168.39654541015625,42.31235885620117,146.3799285888672,38.217079162597656
150.0,22.5,16.513050079345703,168.1578826904297,42.366966247558594,146.39004516601562,38.217079162597656
151.0,22.5,16.449554443359375,167.9252166748047,42.4058952331543,146.38494873046875,38.217079162597656
152.0,22.5,16.40113067626953,167.6958770751953,42.43558883666992,146.37246704101562,38.217079162597656
153.0,22.5,16.361391067504883,167.46835327148438,42.4599494934082,146.35740661621094,38.217079162597656
154.0,22.5,16.31330680847168,167.23995971679688,42.48942565917969,146.3529052734375,38.217079162597656
155.0,22.5,16.265972137451172,167.01226806640625,42.51844787597656,146.35191345214844,38.217079162597656
156.0,22.5,16.212175369262695,166.78451538085938,42.55143356323242,146.36004638671875,38.217079162597656
157.0,22.5,16.155344009399414,166.557373046875,42.58627700805664,146.3746337890625,38.217079162597656
158.0,22.5,16.10769271850586,166.3320770263672,42.61549377441406,146.3860626220703,38.217079162597656
159.0,22.5,16.04058074951172,166.1062774658203,42.656646728515625,146.4167938232422,38.217079162597656
160.0,22.5,15.971330642700195,165.8818359375,42.6990966796875,146.45323181152344,38.217079162597656
161.0,22.5,15.956770896911621,165.6614532470703,42.70802307128906,146.45050048828125,38.217079162597656
162.0,22.5,15.9700927734375,165.44210815429688,42.699859619140625,146.4296112060547,38.217079162597656
163.0,22.5,15.98274040222168,165.2222137451172,42.692100524902344,146.4130859375,38.217079162597656
164.0,22.5,15.977621078491211,165.00184631347656,42.69524383544922,146.4144287109375,38.217079162597656
165.0,22.5,15.983943939208984,164.78147888183594,42.69136428833008,146.41058349609375,38.217079162597656
166.0,22.5,15.989399909973145,164.56101989746094,42.688018798828125,146.41127014160156,38.217079162597656
167.0,22.5,15.976835250854492,164.34121704101562,42.69572448730469,146.43002319335938,38.217079162597656
168.0,22.5,15.966569900512695,164.121826171875,42.70201873779297,146.45079040527344,38.217079162597656
169.0,22.5,15.976266860961914,163.90167236328125,42.696075439453125,146.45965576171875,38.217079162597656
170.0,22.5,15.985979080200195,163.68154907226562,42.69011688232422,146.4723663330078,38.217079162597656
171.0,22.5,15.9959716796875,163.4615478515625,42.683990478515625,146.48870849609375,38.217079162597656
172.0,22.5,15.982154846191406,163.2442626953125,42.69245910644531,146.5275421142578,38.217079162597656
173.0,22.5,15.970626831054688,163.02760314941406,42.69953155517578,146.56834411621094,38.217079162597656
174.0,22.5,16.00623321533203,162.80551147460938,42.67770004272461,146.57620239257812,38.217079162597656
175.0,22.5,16.090349197387695,162.575927734375,42.62612533569336,146.55038452148438,38.217079162597656
176.0,22.5,16.177146911621094,162.34434509277344,42.572906494140625,146.5267333984375,38.217079162597656
177.0,22.5,16.171741485595703,162.12738037109375,42.57622528076172,146.57839965820312,38.217079162597656
178.0,22.5,16.159008026123047,161.9127655029297,42.58402633666992,146.63946533203125,38.217079162597656
179.0,22.5,16.155235290527344,161.6976318359375,42.586341857910156,146.69737243652344,38.217079162597656
180.0,22.5,16.22112464904785,161.46861267089844,42.54594421386719,146.7060546875,38.217079162597656
181.0,22.5,16.272016525268555,161.24234008789062,42.514739990234375,146.73033142089844,38.217079162597656
182.0,22.5,16.28683090209961,161.0245361328125,42.50566101074219,146.78590393066406,38.217079162597656
183.0,22.5,16.315521240234375,160.80404663085938,42.48807144165039,146.83494567871094,38.217079162597656
184.0,22.5,16.400808334350586,160.56890869140625,42.43577194213867,146.8459014892578,38.217079162597656
185.0,22.5,16.464298248291016,160.33900451660156,42.396854400634766,146.87745666503906,38.217079162597656
186.0,22.5,16.499454498291016,160.1171875,42.37529754638672,146.9341278076172,38.217079162597656
187.0,22.5,16.54893684387207,159.8915557861328,42.34496307373047,146.98440551757812,38.217079162597656
188.0,22.5,16.637075424194336,159.65390014648438,42.290924072265625,147.0109405517578,38.217079162597656
189.0,22.5,16.72875213623047,159.41444396972656,42.234710693359375,147.0395965576172,38.217079162597656
190.0,22.5,16.8162899017334,159.17581176757812,42.18104553222656,147.07589721679688,38.217079162597656
191.0,22.5,16.897151947021484,158.9391632080078,42.13146209716797,147.12159729003906,38.217079162597656
192.0,22.5,16.97425079345703,158.70372009277344,42.084190368652344,147.17457580566406,38.217079162597656
193.0,22.5,17.043102264404297,158.47145080566406,42.04198455810547,147.23785400390625,38.217079162597656
194.0,22.5,17.069522857666016,158.25616455078125,42.025779724121094,147.33473205566406,38.217079162597656
195.0,22.5,17.1584415435791,158.01698303222656,41.97126770019531,147.39312744140625,38.217079162597656
196.0,22.5,17.22515869140625,157.7870635986328,41.93035888671875,147.4712371826172,38.217079162597656
197.0,22.5,17.25999641418457,157.57139587402344,41.90899658203125,147.57501220703125,38.217079162597656
198.0,22.5,17.31391716003418,157.3488006591797,41.875938415527344,147.67025756835938,38.217079162597656
199.0,22.5,17.3829402923584,157.1204833984375,41.8336181640625,147.75999450683594,38.217079162597656
200.0,22.5,17.45370101928711,156.8921661376953,41.79023742675781,147.8531494140625,38.217079162597656
201.0,22.5,17.543527603149414,156.65570068359375,41.73516082763672,147.9387969970703,38.217079162597656
202.0,22.5,17.69036293029785,156.39218139648438,41.645137786865234,147.99371337890625,38.217079162597656
203.0,22.5,17.76222038269043,156.1652069091797,41.60107421875,148.1006317138672,38.217079162597656
204.0,22.5,17.743610382080078,155.98509216308594,41.61248779296875,148.2670440673828,38.217079162597656
205.0,22.5,17.883831024169922,155.7261199951172,41.526519775390625,148.34141540527344,38.217079162597656
206.0,22.5,18.170818328857422,155.3897705078125,41.350563049316406,148.3351287841797,38.217079162597656
207.0,22.5,18.24964714050293,155.16213989257812,41.30223083496094,148.4580535888672,38.217079162597656
208.0,22.5,18.27907371520996,154.96292114257812,41.28419494628906,148.61383056640625,38.217079162597656
209.0,22.5,18.270130157470703,154.7875213623047,41.289676666259766,148.79486083984375,38.217079162597656
210.0,22.5,18.37257957458496,154.5523223876953,41.22685241699219,148.91748046875,38.217079162597656
211.0,22.5,18.54467010498047,154.2781982421875,41.121341705322266,149.00755310058594,38.217079162597656
212.0,22.5,18.776723861694336,153.968994140625,40.979068756103516,149.0723114013672,38.217079162597656
213.0,22.5,18.902740478515625,153.72186279296875,40.90180969238281,149.2000274658203,38.217079162597656
214.0,22.5,18.89434051513672,153.5569610595703,40.90696334838867,149.4019012451172,38.217079162597656
215.0,22.5,18.986865997314453,153.3339080810547,40.8502311706543,149.55613708496094,38.217079162597656
216.0,22.5,19.158424377441406,153.063720703125,40.74504470825195,149.67662048339844,38.217079162597656
217.0,22.5,19.35576629638672,152.7779998779297,40.62405014038086,149.79136657714844,38.217079162597656
218.0,22.5,19.397993087768555,152.59158325195312,40.598167419433594,149.98562622070312,38.217079162597656
219.0,22.5,19.428504943847656,152.4158172607422,40.57945251464844,150.1889190673828,38.217079162597656
220.0,22.5,19.38577651977539,152.29122924804688,40.605648040771484,150.42813110351562,38.217079162597656
221.0,22.5,19.446247100830078,152.10293579101562,40.568580627441406,150.6243438720703,38.217079162597656
222.0,22.5,19.53274154663086,151.9002685546875,40.51554489135742,150.8135528564453,38.217079162597656
223.0,22.5,19.48177719116211,151.79318237304688,40.54679489135742,151.06353759765625,38.217079162597656
224.0,22.5,19.643638610839844,151.5455322265625,40.44755554199219,151.23016357421875,38.217079162597656
225.0,22.5,19.78499412536621,151.31385803222656,40.36088180541992,151.41094970703125,38.217079162597656
226.0,22.5,19.59488868713379,151.31520080566406,40.47744369506836,151.72119140625,38.217079162597656
227.0,22.5,19.640260696411133,151.15773010253906,40.449623107910156,151.9440155029297,38.217079162597656
228.0,22.5,19.897727966308594,150.85354614257812,40.291770935058594,152.09613037109375,38.217079162597656
229.0,22.5,19.928442001342773,150.71261596679688,40.27293014526367,152.3330078125,38.217079162597656
230.0,22.5,19.902935028076172,150.61618041992188,40.288570404052734,152.59088134765625,38.217079162597656
231.0,22.5,19.818836212158203,150.56692504882812,40.34014129638672,152.8683319091797,38.217079162597656
232.0,22.5,20.04979133605957,150.29254150390625,40.19853210449219,153.05148315429688,38.217079162597656
233.0,22.5,20.29096031188965,150.0126953125,40.0506706237793,153.2394256591797,38.217079162597656
234.0,22.5,20.474472045898438,149.77774047851562,39.93815231323242,153.45108032226562,38.217079162597656
235.0,22.5,20.406095504760742,149.73358154296875,39.980079650878906,153.734619140625,38.217079162597656
236.0,22.5,20.43423843383789,149.62225341796875,39.96282196044922,153.99417114257812,38.217079162597656
237.0,22.5,20.453397750854492,149.52212524414062,39.95107650756836,154.2581024169922,38.217079162597656
238.0,22.5,20.42391014099121,149.4634552001953,39.969154357910156,154.53469848632812,38.217079162597656
239.0,22.5,20.490983963012695,149.3361053466797,39.928035736083984,154.7919158935547,38.217079162597656
240.0,22.5,20.684602737426758,149.11611938476562,39.809326171875,155.0276641845703,38.217079162597656
241.0,22.5,20.73319435119629,149.01119995117188,39.77952575683594,155.2959747314453,38.217079162597656
242.0,22.5,20.80320167541504,148.894287109375,39.73660659790039,155.5631561279297,38.217079162597656
243.0,22.5,20.873926162719727,148.78131103515625,39.69324493408203,155.83316040039062,38.217079162597656
244.0,22.5,21.115127563476562,148.5403289794922,39.54536056518555,156.0822296142578,38.217079162597656
245.0,22.5,21.67647933959961,148.0535125732422,39.20118713378906,156.29827880859375,38.217079162597656
246.0,22.5,21.82123565673828,147.89511108398438,39.11243438720703,156.57737731933594,38.217079162597656
247.0,22.5,21.930131912231445,147.76943969726562,39.04567337036133,156.86476135253906,38.217079162597656
248.0,22.5,22.36317253112793,147.39405822753906,38.78016662597656,157.12811279296875,38.217079162597656
249.0,22.5,23.393455505371094,146.5528564453125,38.14849090576172,157.36114501953125,38.217079162597656
250.0,22.5,24.59235191345215,145.58184814453125,37.413421630859375,157.6132049560547,38.217079162597656
251.0,22.5,70.2621078491211,109.53743743896484,9.41263198852539,155.93661499023438,38.217079162597656
252.0,22.5,70.53401184082031,109.27713012695312,9.245922088623047,156.8960723876953,38.217079162597656
253.0,22.5,70.7369384765625,109.08798217773438,9.121498107910156,157.86477661132812,38.217079162597656
254.0,22.5,70.9479751586914,108.90931701660156,8.992115020751953,158.8394317626953,38.217079162597656
255.0,22.5,71.13245391845703,108.76869201660156,8.879009246826172,159.81967163085938,38.217079162597656
256.0,22.5,71.2977294921875,108.66041564941406,8.77767562866211,160.8042755126953,38.217079162597656
257.0,22.5,71.45945739746094,108.57222747802734,8.678516387939453,161.79273986816406,38.217079162597656
258.0,22.5,71.57096862792969,108.54102325439453,8.610149383544922,162.7822265625,38.217079162597656
259.0,22.5,71.67479705810547,108.53324890136719,8.546489715576172,163.7731475830078,38.217079162597656
260.0,22.5,71.74118041992188,108.57233428955078,8.505790710449219,164.762451171875,38.217079162597656
261.0,22.5,71.79109191894531,108.64169311523438,8.47519302368164,165.7502899169922,38.217079162597656
262.0,22.5,71.84205627441406,108.72755432128906,8.443939208984375,166.73757934570312,38.217079162597656
263.0,22.5,71.8586654663086,108.85755157470703,8.433753967285156,167.71975708007812,38.217079162597656
264.0,22.5,71.84343719482422,109.02948760986328,8.44308853149414,168.6954803466797,38.217079162597656
265.0,22.5,71.8398208618164,109.20939636230469,8.445316314697266,169.6695556640625,38.217079162597656
266.0,22.5,71.83072662353516,109.41047668457031,8.450881958007812,170.63938903808594,38.217079162597656
267.0,22.5,71.8436508178711,109.61148071289062,8.44296646118164,171.60931396484375,38.217079162597656
268.0,22.5,71.82896423339844,109.85060119628906,8.451976776123047,172.57054138183594,38.217079162597656
269.0,22.5,71.76062774658203,110.14739990234375,8.493865966796875,173.51646423339844,38.217079162597656
270.0,22.5,71.76561737060547,110.40465545654297,8.490802764892578,174.4718780517578,38.217079162597656
271.0,22.5,71.74160766601562,110.70050811767578,8.50551986694336,175.41612243652344,38.217079162597656
272.0,22.5,71.65898895263672,111.05677795410156,8.55617904663086,176.340576171875,38.217079162597656
273.0,22.5,71.61222839355469,111.4019546508789,8.584854125976562,177.2667694091797,38.217079162597656
274.0,22.5,71.58334350585938,111.74974822998047,8.602561950683594,178.19093322753906,38.217079162597656
275.0,22.5,71.54035186767578,112.12388610839844,8.628913879394531,179.1045379638672,38.217079162597656
276.0,22.5,71.53034973144531,112.489501953125,8.635047912597656,180.0206298828125,38.217079162597656
277.0,22.5,71.51663208007812,112.87370300292969,8.643463134765625,180.9289093017578,38.217079162597656
278.0,22.5,71.52361297607422,113.25867462158203,8.639175415039062,181.83682250976562,38.217079162597656
279.0,22.5,71.54374694824219,113.6500244140625,8.626842498779297,182.74227905273438,38.217079162597656
280.0,22.5,71.56565856933594,114.05596923828125,8.6134033203125,183.64163208007812,38.217079162597656
281.0,22.5,71.58045959472656,114.48270416259766,8.604324340820312,184.53150939941406,38.217079162597656
282.0,22.5,71.6272201538086,114.90265655517578,8.575660705566406,185.4257354736328,38.217079162597656
283.0,22.5,71.71843719482422,115.30769348144531,8.519733428955078,186.3300323486328,38.217079162597656
284.0,22.5,71.74234771728516,115.77519989013672,8.505069732666016,187.20176696777344,38.217079162597656
285.0,22.5,71.8105239868164,116.22797393798828,8.463275909423828,188.08340454101562,38.217079162597656
286.0,22.5,71.9154052734375,116.67190551757812,8.398971557617188,188.9730682373047,38.217079162597656
287.0,22.5,71.98674774169922,117.15435028076172,8.355228424072266,189.8417510986328,38.217079162597656
288.0,22.5,72.08612823486328,117.634033203125,8.294296264648438,190.71502685546875,38.217079162597656
289.0,22.5,72.10822296142578,118.17975616455078,8.280754089355469,191.54605102539062,38.217079162597656
290.0,22.5,72.20018005371094,118.69532775878906,8.224372863769531,192.3999786376953,38.217079162597656
291.0,22.5,72.29985046386719,119.22158813476562,8.163261413574219,193.2494354248047,38.217079162597656
292.0,22.5,72.39959716796875,119.76338958740234,8.102100372314453,194.09072875976562,38.217079162597656
293.0,22.5,72.47924041748047,120.3330307006836,8.053279876708984,194.91357421875,38.217079162597656
294.0,22.5,72.5440673828125,120.92660522460938,8.013526916503906,195.7196807861328,38.217079162597656
295.0,22.5,72.60086059570312,121.53956604003906,7.978710174560547,196.51187133789062,38.217079162597656
296.0,22.5,72.64631652832031,122.1734390258789,7.950839996337891,197.28782653808594,38.217079162597656
297.0,22.5,72.67112731933594,122.83313751220703,7.935626983642578,198.0419921875,38.217079162597656
298.0,22.5,72.6820068359375,123.51411437988281,7.928955078125,198.77719116210938,38.217079162597656
299.0,22.5,72.7108154296875,124.19783020019531,7.911293029785156,199.5104522705078,38.217079162597656
300.0,22.5,72.73824310302734,124.89530181884766,7.894474029541016,200.23117065429688,38.217079162597656
301.0,22.5,72.75516510009766,125.61119079589844,7.884098052978516,200.93382263183594,38.217079162597656
302.0,22.5,72.83506774902344,126.3060073852539,7.835109710693359,201.66090393066406,38.217079162597656
303.0,22.5,72.89714050292969,127.02348327636719,7.797061920166016,202.36585998535156,38.217079162597656
304.0,22.5,72.92703247070312,127.77021026611328,7.7787322998046875,203.03932189941406,38.217079162597656
305.0,22.5,73.02818298339844,128.4933319091797,7.716712951660156,203.74356079101562,38.217079162597656
306.0,22.5,73.15763854980469,129.21588134765625,7.637340545654297,204.45350646972656,38.217079162597656
307.0,22.5,73.23896789550781,129.97511291503906,7.587467193603516,205.12155151367188,38.217079162597656
308.0,22.5,73.41546630859375,130.70237731933594,7.4792633056640625,205.8375701904297,38.217079162597656
309.0,22.5,73.58839416503906,131.4456329345703,7.373233795166016,206.53988647460938,38.217079162597656
310.0,22.5,73.79788208007812,132.18675231933594,7.244800567626953,207.25439453125,38.217079162597656
311.0,22.5,73.96119689941406,132.96261596679688,7.1446685791015625,207.92694091796875,38.217079162597656
312.0,22.5,74.12139892578125,133.75331115722656,7.04644775390625,208.58497619628906,38.217079162597656
313.0,22.5,74.3813247680664,134.5164337158203,6.887081146240234,209.2976531982422,38.217079162597656
314.0,22.5,74.53473663330078,135.33726501464844,6.793025970458984,209.92601013183594,38.217079162597656
315.0,22.5,74.69221496582031,136.16921997070312,6.69647216796875,210.54379272460938,38.217079162597656
316.0,22.5,74.87603759765625,137.00390625,6.583774566650391,211.16635131835938,38.217079162597656
317.0,22.5,74.938720703125,137.8953399658203,6.5453338623046875,211.69032287597656,38.217079162597656
318.0,22.5,75.22447967529297,138.7187042236328,6.370136260986328,212.35714721679688,38.217079162597656
319.0,22.5,75.396484375,139.5954132080078,6.264675140380859,212.92990112304688,38.217079162597656
320.0,22.5,75.53041076660156,140.4964599609375,6.18255615234375,213.46083068847656,38.217079162597656
321.0,22.5,75.70478820800781,141.39573669433594,6.075645446777344,214.0060577392578,38.217079162597656
322.0,22.5,75.77474975585938,142.33782958984375,6.032752990722656,214.46006774902344,38.217079162597656
323.0,22.5,75.86246490478516,143.28347778320312,5.978969573974609,214.91099548339844,38.217079162597656
324.0,22.5,75.91523742675781,144.2475128173828,5.946613311767578,215.3198699951172,38.217079162597656
325.0,22.5,75.7208251953125,145.283447265625,6.065807342529297,215.52769470214844,38.217079162597656
326.0,22.5,75.60853576660156,146.300048828125,6.134662628173828,215.77816772460938,38.217079162597656
327.0,22.5,75.41831970214844,147.337646484375,6.25128173828125,215.9516143798828,38.217079162597656
328.0,22.5,75.11415100097656,148.40066528320312,6.437770843505859,216.0196990966797,38.217079162597656
329.0,22.5,74.66991424560547,149.4897003173828,6.710147857666016,215.96131896972656,38.217079162597656
330.0,22.5,74.13359069824219,150.5894775390625,7.038970947265625,215.8118438720703,38.217079162597656
331.0,22.5,73.52371215820312,151.6925811767578,7.412895202636719,215.5848846435547,38.217079162597656
332.0,22.5,72.91322326660156,152.78341674804688,7.787200927734375,215.33639526367188,38.217079162597656
333.0,22.5,72.0045166015625,153.9073028564453,8.344341278076172,214.83609008789062,38.217079162597656
334.0,22.5,71.2920913696289,154.98248291015625,8.781139373779297,214.46652221679688,38.217079162597656
335.0,22.5,70.32891845703125,156.07305908203125,9.371673583984375,213.8810577392578,38.217079162597656
336.0,22.5,69.19001007080078,157.1599578857422,10.069953918457031,213.13723754882812,38.217079162597656
337.0,22.5,67.89915466308594,158.23316955566406,10.861392974853516,212.25335693359375,38.217079162597656
338.0,22.5,66.85758972167969,159.2518310546875,11.499992370605469,211.54458618164062,38.217079162597656
339.0,22.5,65.98345184326172,160.23167419433594,12.035934448242188,210.9484405517578,38.217079162597656
340.0,22.5,64.93477630615234,161.19908142089844,12.67889404296875,210.19679260253906,38.217079162597656
341.0,22.5,63.9665641784668,162.13525390625,13.272518157958984,209.49090576171875,38.217079162597656
342.0,22.5,63.02214431762695,163.04490661621094,13.851558685302734,208.7869415283203,38.217079162597656
343.0,22.5,62.26121520996094,163.92604064941406,14.318092346191406,208.2117462158203,38.217079162597656
344.0,22.5,61.23105239868164,164.78729248046875,14.949703216552734,207.40843200683594,38.217079162597656
345.0,22.5,60.68797302246094,165.62554931640625,15.282669067382812,206.9750518798828,38.217079162597656
346.0,22.5,59.927310943603516,166.44325256347656,15.74905014038086,206.35546875,38.217079162597656
347.0,22.5,59.39722442626953,167.24839782714844,16.074058532714844,205.90406799316406,38.217079162597656
348.0,22.5,58.80663299560547,168.0350799560547,16.436141967773438,205.3914031982422,38.217079162597656
349.0,22.5,58.192100524902344,168.80299377441406,16.81293487548828,204.84686279296875,38.217079162597656
350.0,22.5,58.09992980957031,169.5945587158203,16.869449615478516,204.70033264160156,38.217079162597656
351.0,22.5,57.398101806640625,170.32516479492188,17.29974365234375,204.06190490722656,38.217079162597656
352.0,22.5,56.979774475097656,171.0653076171875,17.556224822998047,203.63394165039062,38.217079162597656
353.0,22.5,56.72676086425781,171.8121337890625,17.711349487304688,203.32302856445312,38.217079162597656
354.0,22.5,56.32339096069336,172.52975463867188,17.958663940429688,202.8826446533203,38.217079162597656
355.0,22.5,55.89363098144531,173.230224609375,18.222156524658203,202.41030883789062,38.217079162597656
356.0,22.5,55.32902526855469,173.89474487304688,18.568317413330078,201.8227081298828,38.217079162597656
357.0,22.5,54.733543395996094,174.535888671875,18.933422088623047,201.20147705078125,38.217079162597656
358.0,22.5,54.21281433105469,175.1721954345703,19.252685546875,200.62838745117188,38.217079162597656
359.0,22.5,53.662574768066406,175.78549194335938,19.590049743652344,200.0235137939453,38.217079162597656
0.0,16.875,84.84602355957031,183.20606994628906,7.043220520019531,228.32078552246094,38.217079162597656
1.0,16.875,85.28514099121094,184.51316833496094,6.808002471923828,228.34861755371094,38.217079162597656
2.0,16.875,85.87828063964844,185.86424255371094,6.490287780761719,228.47637939453125,38.217079162597656
3.0,16.875,86.31552124023438,187.18556213378906,6.256072998046875,228.4525604248047,38.217079162597656
4.0,16.875,86.672119140625,188.49046325683594,6.065055847167969,228.3391876220703,38.217079162597656
5.0,16.875,87.06314086914062,189.8079833984375,5.855609893798828,228.2286834716797,38.217079162597656
6.0,16.875,87.56582641601562,191.16221618652344,5.586334228515625,228.18138122558594,38.217079162597656
7.0,16.875,87.65361022949219,192.39242553710938,5.539329528808594,227.78236389160156,38.217079162597656
8.0,16.875,87.9056625366211,193.67034912109375,5.404308319091797,227.48936462402344,38.217079162597656
9.0,16.875,87.91295623779297,194.86312866210938,5.400394439697266,226.98345947265625,38.217079162597656
10.0,16.875,87.92001342773438,196.04690551757812,5.396614074707031,226.45660400390625,38.217079162597656
11.0,16.875,87.77857208251953,197.1669158935547,5.472389221191406,225.79617309570312,38.217079162597656
12.0,16.875,87.46701049804688,198.20867919921875,5.639270782470703,224.98895263671875,38.217079162597656
13.0,16.875,87.13584899902344,199.2244110107422,5.816661834716797,224.151123046875,38.217079162597656
14.0,16.875,86.47038269042969,200.08526611328125,6.173126220703125,223.05050659179688,38.217079162597656
15.0,16.875,85.81794738769531,200.92367553710938,6.522605895996094,221.94940185546875,38.217079162597656
16.0,16.875,85.24141693115234,201.7672119140625,6.8314208984375,220.8937530517578,38.217079162597656
17.0,16.875,84.51020812988281,202.5161895751953,7.223094940185547,219.71688842773438,38.217079162597656
18.0,16.875,83.7104263305664,203.20408630371094,7.6515045166015625,218.4841766357422,38.217079162597656
19.0,16.875,82.91419982910156,203.86215209960938,8.0780029296875,217.24862670898438,38.217079162597656
20.0,16.875,82.10108184814453,204.48074340820312,8.513553619384766,215.99664306640625,38.217079162597656
21.0,16.875,81.2748031616211,205.06109619140625,8.956153869628906,214.73196411132812,38.217079162597656
22.0,16.875,80.52729034423828,205.64927673339844,9.3565673828125,213.51785278320312,38.217079162597656
23.0,16.875,79.64833068847656,206.13943481445312,9.827377319335938,212.21255493164062,38.217079162597656
24.0,16.875,78.86201477050781,206.6455535888672,10.248577117919922,210.9679412841797,38.217079162597656
25.0,16.875,78.12867736816406,207.14950561523438,10.641380310058594,209.7563934326172,38.217079162597656
26.0,16.875,77.31840515136719,207.58157348632812,11.075420379638672,208.4940185546875,38.217079162597656
27.0,16.875,76.68585968017578,208.08251953125,11.41424560546875,207.34413146972656,38.217079162597656
28.0,16.875,76.09922790527344,208.58273315429688,11.728473663330078,206.2204132080078,38.217079162597656
29.0,16.875,75.57351684570312,209.09254455566406,12.01007080078125,205.13121032714844,38.217079162597656
30.0,16.875,75.09341430664062,209.60482788085938,12.267242431640625,204.0660400390625,38.217079162597656
31.0,16.875,74.71726989746094,210.1563720703125,12.468727111816406,203.058349609375,38.217079162597656
32.0,16.875,74.38804626464844,210.7152557373047,12.64508056640625,202.07235717773438,38.217079162597656
33.0,16.875,74.27652740478516,211.3896484375,12.704803466796875,201.2039031982422,38.217079162597656
34.0,16.875,74.04678344726562,211.97262573242188,12.827880859375,200.2592315673828,38.217079162597656
35.0,16.875,73.99685668945312,212.65272521972656,12.8546142578125,199.40518188476562,38.217079162597656
36.0,16.875,73.89303588867188,213.28208923339844,12.910232543945312,198.5111846923828,38.217079162597656
37.0,16.875,73.99761962890625,214.03302001953125,12.854209899902344,197.71644592285156,38.217079162597656
38.0,16.875,74.15451049804688,214.80606079101562,12.770172119140625,196.93426513671875,38.217079162597656
39.0,16.875,74.41651916503906,215.6383056640625,12.629825592041016,196.18931579589844,38.217079162597656
40.0,16.875,74.60334777832031,216.40785217285156,12.529754638671875,195.3901824951172,38.217079162597656
41.0,16.875,74.90241241455078,217.24322509765625,12.369548797607422,194.6288299560547,38.217079162597656
42.0,16.875,75.23997497558594,218.09483337402344,12.188739776611328,193.86717224121094,38.217079162597656
43.0,16.875,75.63541412353516,218.97705078125,11.976917266845703,193.11264038085938,38.217079162597656
44.0,16.875,76.06523132324219,219.87384033203125,11.746685028076172,192.35293579101562,38.217079162597656
45.0,16.875,76.38624572753906,220.68112182617188,11.574729919433594,191.52597045898438,38.217079162597656
46.0,16.875,76.88925170898438,221.61026000976562,11.305294036865234,190.7560272216797,38.217079162597656
47.0,16.875,77.38892364501953,222.52691650390625,11.037647247314453,189.96214294433594,38.217079162597656
48.0,16.875,77.73079681396484,223.3145294189453,10.854515075683594,189.08486938476562,38.217079162597656
49.0,16.875,78.21528625488281,224.197021484375,10.59499740600586,188.2427215576172,38.217079162597656
50.0,16.875,78.64134216308594,225.0231170654297,10.366783142089844,187.35784912109375,38.217079162597656
51.0,16.875,79.03941345214844,225.81475830078125,10.153545379638672,186.44326782226562,38.217079162597656
52.0,16.875,79.36170196533203,226.5338592529297,9.980915069580078,185.48439025878906,38.217079162597656
53.0,16.875,79.70069885253906,227.2510223388672,9.799331665039062,184.51405334472656,38.217079162597656
54.0,16.875,79.93708038330078,227.87222290039062,9.672718048095703,183.49533081054688,38.217079162597656
55.0,16.875,80.24629211425781,228.5344696044922,9.507080078125,182.4839630126953,38.217079162597656
56.0,16.875,80.45819091796875,229.1029510498047,9.393577575683594,181.42977905273438,38.217079162597656
57.0,16.875,80.62224578857422,229.61557006835938,9.305702209472656,180.35025024414062,38.217079162597656
58.0,16.875,80.62334442138672,229.97857666015625,9.305122375488281,179.21884155273438,38.217079162597656
59.0,16.875,80.63629913330078,230.33140563964844,9.298168182373047,178.08404541015625,38.217079162597656
60.0,16.875,80.51677703857422,230.55650329589844,9.362194061279297,176.91368103027344,38.217079162597656
61.0,16.875,80.44123840332031,230.7966766357422,9.402652740478516,175.7504119873047,38.217079162597656
62.0,16.875,80.2668228149414,230.9349822998047,9.49609375,174.5650634765625,38.217079162597656
63.0,16.875,80.09420776367188,231.05349731445312,9.588542938232422,173.38031005859375,38.217079162597656
64.0,16.875,79.8412857055664,231.08428955078125,9.724029541015625,172.18295288085938,38.217079162597656
65.0,16.875,79.62980651855469,231.12791442871094,9.837303161621094,170.9951171875,38.217079162597656
66.0,16.875,79.34112548828125,231.0859375,9.991935729980469,169.79930114746094,38.217079162597656
67.0,16.875,79.0513916015625,231.0215606689453,10.147144317626953,168.6084747314453,38.217079162597656
68.0,16.875,78.76493072509766,230.93858337402344,10.300575256347656,167.4235382080078,38.217079162597656
69.0,16.875,78.47393035888672,230.8306427001953,10.456451416015625,166.2440185546875,38.217079162597656
70.0,16.875,78.21530151367188,230.72891235351562,10.594985961914062,165.07330322265625,38.217079162597656
71.0,16.875,77.84911346435547,230.515869140625,10.791133880615234,163.90164184570312,38.217079162597656
72.0,16.875,77.54318237304688,230.33287048339844,10.955009460449219,162.74212646484375,38.217079162597656
73.0,16.875,77.27027130126953,230.1573028564453,11.101207733154297,161.59158325195312,38.217079162597656
74.0,16.875,76.96654510498047,229.935546875,11.26388931274414,160.44772338867188,38.217079162597656
75.0,16.875,76.70121765136719,229.72622680664062,11.406021118164062,159.31251525878906,38.217079162597656
76.0,16.875,76.39005279541016,229.45843505859375,11.572689056396484,158.18556213378906,38.217079162597656
77.0,16.875,76.18851470947266,229.26365661621094,11.680648803710938,157.0652313232422,38.217079162597656
78.0,16.875,75.91602325439453,228.9896240234375,11.826614379882812,155.95428466796875,38.217079162597656
79.0,16.875,75.68965148925781,228.73533630371094,11.947868347167969,154.8497772216797,38.217079162597656
80.0,16.875,75.39375305175781,228.40354919433594,12.106369018554688,153.758056640625,38.217079162597656
81.0,16.875,75.26731872558594,228.19552612304688,12.174083709716797,152.6622772216797,38.217079162597656
82.0,16.875,75.0922622680664,227.92784118652344,12.267860412597656,151.57696533203125,38.217079162597656
83.0,16.875,74.85345458984375,227.5882568359375,12.395774841308594,150.50633239746094,38.217079162597656
84.0,16.875,74.68948364257812,227.29299926757812,12.48360824584961,149.43563842773438,38.217079162597656
85.0,16.875,74.59578704833984,227.0379638671875,12.533802032470703,148.3626251220703,38.217079162597656
86.0,16.875,74.51715087890625,226.77699279785156,12.575916290283203,147.29318237304688,38.217079162597656
87.0,16.875,74.3792953491211,226.4486541748047,12.649765014648438,146.2397918701172,38.217079162597656
88.0,16.875,74.26763153076172,226.12399291992188,12.709579467773438,145.18939208984375,38.217079162597656
89.0,16.875,74.24605560302734,225.8553009033203,12.721134185791016,144.12832641601562,38.217079162597656
90.0,16.875,74.3075942993164,225.6361083984375,12.688163757324219,143.05455017089844,38.217079162597656
91.0,16.875,74.2495346069336,225.30075073242188,12.719268798828125,142.0113067626953,38.217079162597656
92.0,16.875,74.25444793701172,224.99839782714844,12.71664810180664,140.95956420898438,38.217079162597656
93.0,16.875,74.27337646484375,224.68899536132812,12.706504821777344,139.90957641601562,38.217079162597656
94.0,16.875,74.37946319580078,224.430908203125,12.649669647216797,138.8412322998047,38.217079162597656
95.0,16.875,74.38430786132812,224.0732421875,12.647075653076172,137.8049774169922,38.217079162597656
96.0,16.875,74.46089935302734,223.75416564941406,12.60605239868164,136.75355529785156,38.217079162597656
97.0,16.875,74.52255249023438,223.40467834472656,12.573036193847656,135.71151733398438,38.217079162597656
98.0,16.875,74.61734771728516,223.06251525878906,12.52225112915039,134.66407775878906,38.217079162597656
99.0,16.875,74.68067932128906,222.67726135253906,12.488330841064453,133.63217163085938,38.217079162597656
100.0,16.875,74.89856719970703,222.39218139648438,12.37161636352539,132.5516357421875,38.217079162597656
101.0,16.875,75.05182647705078,222.0377655029297,12.289520263671875,131.49705505371094,38.217079162597656
102.0,16.875,75.16411590576172,221.63311767578125,12.2293701171875,130.46237182617188,38.217079162597656
103.0,16.875,75.2079849243164,221.1585693359375,12.205875396728516,129.46034240722656,38.217079162597656
104.0,16.875,75.42952728271484,220.7978515625,12.087203979492188,128.39401245117188,38.217079162597656
105.0,16.875,75.32707214355469,220.179443359375,12.14208984375,127.4670639038086,38.217079162597656
106.0,16.875,75.52066040039062,219.76055908203125,12.038387298583984,126.42451477050781,38.217079162597656
107.0,16.875,75.53704833984375,219.19482421875,12.029609680175781,125.46575927734375,38.217079162597656
108.0,16.875,75.62882232666016,218.66583251953125,11.980449676513672,124.48236846923828,38.217079162597656
109.0,16.875,75.77510833740234,218.1573028564453,11.902091979980469,123.48164367675781,38.217079162597656
110.0,16.875,75.82293701171875,217.56185913085938,11.876472473144531,122.53556823730469,38.217079162597656
111.0,16.875,75.7055435180664,216.8363800048828,11.939353942871094,121.68098449707031,38.217079162597656
112.0,16.875,75.74505615234375,216.20326232910156,11.91817855834961,120.76129150390625,38.217079162597656
113.0,16.875,75.64080047607422,215.45785522460938,11.974029541015625,119.9266586303711,38.217079162597656
114.0,16.875,75.47116088867188,214.65589904785156,12.064903259277344,119.14095306396484,38.217079162597656
115.0,16.875,75.18238067626953,213.76458740234375,12.219593048095703,118.43561553955078,38.217079162597656
116.0,16.875,74.7685546875,212.7838592529297,12.441253662109375,117.81812286376953,38.217079162597656
117.0,16.875,74.42717742919922,211.84217834472656,12.62411880493164,117.18170928955078,38.217079162597656
118.0,16.875,73.78364562988281,210.70553588867188,12.968826293945312,116.73873138427734,38.217079162597656
119.0,16.875,73.09593200683594,209.54092407226562,13.337200164794922,116.34839630126953,38.217079162597656
120.0,16.875,72.57058715820312,208.47409057617188,13.618606567382812,115.88915252685547,38.217079162597656
121.0,16.875,41.04167175292969,189.13829040527344,30.50720977783203,134.20912170410156,38.217079162597656
122.0,16.875,32.459197998046875,183.73609924316406,35.104454040527344,139.07017517089844,38.217079162597656
123.0,16.875,28.961654663085938,181.39918518066406,36.97792053222656,140.931884765625,38.217079162597656
124.0,16.875,27.19424819946289,180.09678649902344,37.92464065551758,141.7698974609375,38.217079162597656
125.0,16.875,25.61835479736328,178.93341064453125,38.76877212524414,142.52406311035156,38.217079162597656
126.0,16.875,24.765031814575195,178.18724060058594,39.225860595703125,142.84071350097656,38.217079162597656
127.0,16.875,23.79441261291504,177.39520263671875,39.74576950073242,143.25601196289062,38.217079162597656
128.0,16.875,23.215425491333008,176.82200622558594,40.055912017822266,143.43055725097656,38.217079162597656
129.0,16.875,22.651973724365234,176.26654052734375,40.357730865478516,143.60960388183594,38.217079162597656
130.0,16.875,22.06573486328125,175.70989990234375,40.6717529296875,143.81887817382812,38.217079162597656
131.0,16.875,21.533906936645508,175.18997192382812,40.95663070678711,144.00479125976562,38.217079162597656
132.0,16.875,21.172325134277344,174.75868225097656,41.150306701660156,144.0838623046875,38.217079162597656
133.0,16.875,20.754749298095703,174.30809020996094,41.37398147583008,144.21331787109375,38.217079162597656
134.0,16.875,20.392606735229492,173.8893585205078,41.56796646118164,144.3138427734375,38.217079162597656
135.0,16.875,20.010679244995117,173.46859741210938,41.77254867553711,144.43881225585938,38.217079162597656
136.0,16.875,19.73546600341797,173.0989990234375,41.91997146606445,144.49526977539062,38.217079162597656
137.0,16.875,19.538867950439453,172.76541137695312,42.02527618408203,144.50164794921875,38.217079162597656
138.0,16.875,19.29210090637207,172.4151611328125,42.15745544433594,144.5528564453125,38.217079162597656
139.0,16.875,19.03252410888672,172.06431579589844,42.29650115966797,144.6215057373047,38.217079162597656
140.0,16.875,18.832340240478516,171.7395782470703,42.40372848510742,144.65257263183594,38.217079162597656
141.0,16.875,18.627235412597656,171.4163818359375,42.51359176635742,144.69432067871094,38.217079162597656
142.0,16.875,18.42791748046875,171.09866333007812,42.62035369873047,144.73843383789062,38.217079162597656
143.0,16.875,18.239099502563477,170.787841796875,42.72150802612305,144.781005859375,38.217079162597656
144.0,16.875,18.074249267578125,170.4877166748047,42.8098030090332,144.81117248535156,38.217079162597656
145.0,16.875,17.939847946166992,170.1993408203125,42.88180160522461,144.82330322265625,38.217079162597656
146.0,16.875,17.807907104492188,169.91375732421875,42.952476501464844,144.83917236328125,38.217079162597656
147.0,16.875,17.72293472290039,169.64276123046875,42.99799346923828,144.82298278808594,38.217079162597656
148.0,16.875,17.635562896728516,169.3721160888672,43.0447883605957,144.8138427734375,38.217079162597656
149.0,16.875,17.524208068847656,169.096923828125,43.10444259643555,144.82923889160156,38.217079162597656
150.0,16.875,17.397367477416992,168.8201904296875,43.17238235473633,144.8625030517578,38.217079162597656
151.0,16.875,17.25045394897461,168.5417022705078,43.25107192993164,144.91749572753906,38.217079162597656
152.0,16.875,17.166717529296875,168.27853393554688,43.295928955078125,144.92591857910156,38.217079162597656
153.0,16.875,17.070255279541016,168.0144805908203,43.347599029541016,144.94970703125,38.217079162597656
154.0,16.875,16.943359375,167.74728393554688,43.41557312011719,145.00360107421875,38.217079162597656
155.0,16.875,16.88597869873047,167.4933319091797,43.446311950683594,145.00473022460938,38.217079162597656
156.0,16.875,16.882089614868164,167.2475128173828,43.44839096069336,144.96585083007812,38.217079162597656
157.0,16.875,16.8261661529541,166.9948272705078,43.47834777832031,144.97476196289062,38.217079162597656
158.0,16.875,16.799448013305664,166.7462615966797,43.49265670776367,144.96372985839844,38.217079162597656
159.0,16.875,16.783546447753906,166.49893188476562,43.501182556152344,144.947998046875,38.217079162597656
160.0,16.875,16.753334045410156,166.25048828125,43.517356872558594,144.9486541748047,38.217079162597656
161.0,16.875,16.722774505615234,166.00250244140625,43.533729553222656,144.95396423339844,38.217079162597656
162.0,16.875,16.726470947265625,165.75674438476562,43.53174591064453,144.93475341796875,38.217079162597656
163.0,16.875,16.706262588500977,165.50985717773438,43.54257583618164,144.94000244140625,38.217079162597656
164.0,16.875,16.668487548828125,165.2630615234375,43.56280517578125,144.9644012451172,38.217079162597656
165.0,16.875,16.61541175842285,165.01722717285156,43.59123992919922,145.0060272216797,38.217079162597656
166.0,16.875,16.578832626342773,164.7727508544922,43.61083221435547,145.0380096435547,38.217079162597656
167.0,16.875,16.581907272338867,164.5283966064453,43.60918045043945,145.040771484375,38.217079162597656
168.0,16.875,16.58371925354004,164.28411865234375,43.608219146728516,145.04885864257812,38.217079162597656
169.0,16.875,16.519140243530273,164.04368591308594,43.64280700683594,145.11715698242188,38.217079162597656
170.0,16.875,16.54178810119629,163.79930114746094,43.63067626953125,145.1161651611328,38.217079162597656
171.0,16.875,16.599483489990234,163.55165100097656,43.59976577758789,145.09002685546875,38.217079162597656
172.0,16.875,16.618152618408203,163.30661010742188,43.58977127075195,145.1010284423828,38.217079162597656
173.0,16.875,16.657930374145508,163.0591278076172,43.568458557128906,145.0986785888672,38.217079162597656
174.0,16.875,16.692636489868164,162.8116912841797,43.54987335205078,145.10496520996094,38.217079162597656
175.0,16.875,16.663127899169922,162.57310485839844,43.565673828125,145.16909790039062,38.217079162597656
176.0,16.875,16.605066299438477,162.34059143066406,43.596778869628906,145.260986328125,38.217079162597656
177.0,16.875,16.677650451660156,162.0880889892578,43.557899475097656,145.24874877929688,38.217079162597656
178.0,16.875,16.783946990966797,161.8280792236328,43.50096130371094,145.21337890625,38.217079162597656
179.0,16.875,16.83330535888672,161.577392578125,43.474525451660156,145.2296142578125,38.217079162597656
180.0,16.875,16.883831024169922,161.32608032226562,43.44745635986328,145.24945068359375,38.217079162597656
181.0,16.875,16.946687698364258,161.0716094970703,43.413787841796875,145.2638397216797,38.217079162597656
182.0,16.875,16.9907169342041,160.82110595703125,43.390201568603516,145.29815673828125,38.217079162597656
183.0,16.875,17.036312103271484,160.57022094726562,43.36578369140625,145.3357696533203,38.217079162597656
184.0,16.875,17.136295318603516,160.3046417236328,43.312225341796875,145.33447265625,38.217079162597656
185.0,16.875,17.24360466003418,160.0355682373047,43.25474166870117,145.33248901367188,38.217079162597656
186.0,16.875,17.33600425720215,159.76951599121094,43.20524978637695,145.34750366210938,38.217079162597656
187.0,16.875,17.425548553466797,159.5033721923828,43.15727996826172,145.36990356445312,38.217079162597656
188.0,16.875,17.513187408447266,159.237060546875,43.1103401184082,145.39892578125,38.217079162597656
189.0,16.875,17.607891082763672,158.9676971435547,43.05961608886719,145.42764282226562,38.217079162597656
190.0,16.875,17.667068481445312,158.71017456054688,43.02791213989258,145.48887634277344,38.217079162597656
191.0,16.875,17.707904815673828,158.45970153808594,43.00604248046875,145.56890869140625,38.217079162597656
192.0,16.875,17.846935272216797,158.17279052734375,42.93157196044922,145.57952880859375,38.217079162597656
193.0,16.875,18.022666931152344,157.869873046875,42.837432861328125,145.56866455078125,38.217079162597656
194.0,16.875,18.001522064208984,157.6444854736328,42.84876251220703,145.71006774902344,38.217079162597656
195.0,16.875,18.13528060913086,157.35696411132812,42.7771110534668,145.74166870117188,38.217079162597656
196.0,16.875,18.332664489746094,157.0408477783203,42.671382904052734,145.7331085205078,38.217079162597656
197.0,16.875,18.51884651184082,156.72714233398438,42.5716552734375,145.73960876464844,38.217079162597656
198.0,16.875,18.734548568725586,156.3977813720703,42.45611572265625,145.73208618164062,38.217079162597656
199.0,16.875,18.910539627075195,156.0843048095703,42.361839294433594,145.75994873046875,38.217079162597656
200.0,16.875,19.082313537597656,155.77125549316406,42.26982879638672,145.7976531982422,38.217079162597656
201.0,16.875,19.203102111816406,155.4820098876953,42.20513153076172,145.87721252441406,38.217079162597656
202.0,16.875,19.33675765991211,155.18624877929688,42.1335334777832,145.95416259765625,38.217079162597656
203.0,16.875,19.503822326660156,154.87303161621094,42.04404830932617,146.01515197753906,38.217079162597656
204.0,16.875,19.74386978149414,154.5204315185547,41.91546630859375,146.03504943847656,38.217079162597656
205.0,16.875,19.959964752197266,154.17840576171875,41.799713134765625,146.0789031982422,38.217079162597656
206.0,16.875,20.315250396728516,153.75804138183594,41.609405517578125,146.04173278808594,38.217079162597656
207.0,16.875,20.736717224121094,153.29592895507812,41.383644104003906,145.9736785888672,38.217079162597656
208.0,16.875,21.12752914428711,152.845703125,41.1743049621582,145.93685913085938,38.217079162597656
209.0,16.875,21.193500518798828,152.5803985595703,41.13895797729492,146.11000061035156,38.217079162597656
210.0,16.875,21.791545867919922,152.00111389160156,40.8186149597168,145.9693603515625,38.217079162597656
211.0,16.875,22.51826286315918,151.33541870117188,40.42934799194336,145.76930236816406,38.217079162597656
212.0,16.875,23.4353084564209,150.54183959960938,39.93812942504883,145.47853088378906,38.217079162597656
213.0,16.875,23.982452392578125,149.96539306640625,39.645050048828125,145.4215545654297,38.217079162597656
214.0,16.875,80.0385971069336,114.13782501220703,9.618331909179688,114.47821807861328,38.217079162597656
215.0,16.875,80.11650848388672,113.31769561767578,9.576595306396484,115.32942962646484,38.217079162597656
216.0,16.875,80.41230773925781,112.36933135986328,9.41815185546875,116.07928466796875,38.217079162597656
217.0,16.875,80.72107696533203,111.42284393310547,9.252758026123047,116.84223175048828,38.217079162597656
218.0,16.875,80.97764587402344,110.52214050292969,9.11532974243164,117.6518325805664,38.217079162597656
219.0,16.875,81.25430297851562,109.6197509765625,8.96713638305664,118.47003936767578,38.217079162597656
220.0,16.875,81.43245697021484,108.79733276367188,8.8717041015625,119.35518646240234,38.217079162597656
221.0,16.875,81.53170013427734,108.04407501220703,8.818550109863281,120.29420471191406,38.217079162597656
222.0,16.875,81.56488037109375,107.35315704345703,8.800773620605469,121.27802276611328,38.217079162597656
223.0,16.875,81.52928924560547,106.7283706665039,8.819835662841797,122.30513763427734,38.217079162597656
224.0,16.875,81.47210693359375,106.13748168945312,8.850471496582031,123.35201263427734,38.217079162597656
225.0,16.875,81.43635559082031,105.54972839355469,8.869621276855469,124.39920043945312,38.217079162597656
226.0,16.875,81.3497085571289,105.01811981201172,8.916027069091797,125.47703552246094,38.217079162597656
227.0,16.875,81.25248718261719,104.51386260986328,8.968109130859375,126.56708526611328,38.217079162597656
228.0,16.875,81.2410888671875,103.9649658203125,8.974212646484375,127.63131713867188,38.217079162597656
229.0,16.875,81.16490936279297,103.48385620117188,9.0150146484375,128.72900390625,38.217079162597656
230.0,16.875,81.13008117675781,102.99087524414062,9.033672332763672,129.8190460205078,38.217079162597656
231.0,16.875,81.09354400634766,102.51852416992188,9.053245544433594,130.91763305664062,38.217079162597656
232.0,16.875,81.03102111816406,102.08580780029297,9.08673095703125,132.03244018554688,38.217079162597656
233.0,16.875,81.03619384765625,101.62006378173828,9.083972930908203,133.1321563720703,38.217079162597656
234.0,16.875,81.05725860595703,101.1610336303711,9.072689056396484,134.23504638671875,38.217079162597656
235.0,16.875,81.03678894042969,100.75411224365234,9.083641052246094,135.3582305908203,38.217079162597656
236.0,16.875,81.01274108886719,100.36981964111328,9.096519470214844,136.48902893066406,38.217079162597656
237.0,16.875,81.04765319824219,99.9581527709961,9.077823638916016,137.6104278564453,38.217079162597656
238.0,16.875,81.14751434326172,99.51358795166016,9.024333953857422,138.72308349609375,38.217079162597656
239.0,16.875,81.14827728271484,99.16841125488281,9.023929595947266,139.86814880371094,38.217079162597656
240.0,16.875,81.23384857177734,98.774169921875,8.978092193603516,141.00027465820312,38.217079162597656
241.0,16.875,81.34481811523438,98.37865447998047,8.91864013671875,142.135009765625,38.217079162597656
242.0,16.875,81.45881652832031,98.00011444091797,8.857582092285156,143.27748107910156,38.217079162597656
243.0,16.875,81.613525390625,97.60760498046875,8.774711608886719,144.4207305908203,38.217079162597656
244.0,16.875,81.7488784790039,97.25067901611328,8.702213287353516,145.57611083984375,38.217079162597656
245.0,16.875,81.9014892578125,96.89926147460938,8.620464324951172,146.7368927001953,38.217079162597656
246.0,16.875,82.02606964111328,96.59111785888672,8.553730010986328,147.90965270996094,38.217079162597656
247.0,16.875,82.12600708007812,96.3238296508789,8.500202178955078,149.09237670898438,38.217079162597656
248.0,16.875,82.28509521484375,96.02747344970703,8.414985656738281,150.27476501464844,38.217079162597656
249.0,16.875,82.435546875,95.75875854492188,8.334400177001953,151.46530151367188,38.217079162597656
250.0,16.875,82.54759979248047,95.54293060302734,8.274375915527344,152.66549682617188,38.217079162597656
251.0,16.875,82.67333221435547,95.33644104003906,8.207019805908203,153.8700408935547,38.217079162597656
252.0,16.875,82.80677032470703,95.14437103271484,8.135547637939453,155.0795135498047,38.217079162597656
253.0,16.875,82.88194274902344,95.02252197265625,8.095279693603516,156.2960205078125,38.217079162597656
254.0,16.875,82.98026275634766,94.90232849121094,8.042617797851562,157.51519775390625,38.217079162597656
255.0,16.875,83.01763916015625,94.85488891601562,8.022598266601562,158.73789978027344,38.217079162597656
256.0,16.875,83.05571746826172,94.82819366455078,8.002197265625,159.9618377685547,38.217079162597656
257.0,16.875,83.05571746826172,94.85503387451172,8.002197265625,161.1855926513672,38.217079162597656
258.0,16.875,83.04967498779297,94.9083023071289,8.005439758300781,162.40847778320312,38.217079162597656
259.0,16.875,82.94414520263672,95.0667495727539,8.061962127685547,163.6246795654297,38.217079162597656
260.0,16.875,82.61534881591797,95.43415832519531,8.238086700439453,164.82070922851562,38.217079162597656
261.0,16.875,82.29264831542969,95.81681823730469,8.410942077636719,166.00587463378906,38.217079162597656
262.0,16.875,81.88843536376953,96.2879409790039,8.627460479736328,167.1713104248047,38.217079162597656
263.0,16.875,81.50045013427734,96.76499938964844,8.835289001464844,168.32427978515625,38.217079162597656
264.0,16.875,81.11592864990234,97.2583999633789,9.041252136230469,169.4635772705078,38.217079162597656
265.0,16.875,80.74481201171875,97.7595443725586,9.240043640136719,170.5904083251953,38.217079162597656
266.0,16.875,80.3353042602539,98.31114959716797,9.459400177001953,171.69686889648438,38.217079162597656
267.0,16.875,79.98223876953125,98.83414459228516,9.648521423339844,172.79734802246094,38.217079162597656
268.0,16.875,79.64999389648438,99.35800170898438,9.826492309570312,173.8872833251953,38.217079162597656
269.0,16.875,79.32038879394531,99.89753723144531,10.003047943115234,174.9637451171875,38.217079162597656
270.0,16.875,79.02167510986328,100.42932891845703,10.163055419921875,176.0325164794922,38.217079162597656
271.0,16.875,78.71375274658203,100.98603057861328,10.327991485595703,177.08547973632812,38.217079162597656
272.0,16.875,78.42759704589844,101.54214477539062,10.481273651123047,178.1295166015625,38.217079162597656
273.0,16.875,78.19287872314453,102.07379913330078,10.607006072998047,179.17294311523438,38.217079162597656
274.0,16.875,77.93640899658203,102.63987731933594,10.744384765625,180.1977081298828,38.217079162597656
275.0,16.875,77.76981353759766,103.15106964111328,10.8336181640625,181.2344970703125,38.217079162597656
276.0,16.875,77.6318359375,103.6568374633789,10.907524108886719,182.2685089111328,38.217079162597656
277.0,16.875,77.4891586303711,104.18352508544922,10.983955383300781,183.29014587402344,38.217079162597656
278.0,16.875,77.37675476074219,104.70359802246094,11.04416275024414,184.31040954589844,38.217079162597656
279.0,16.875,77.27705383300781,105.23092651367188,11.097564697265625,185.32420349121094,38.217079162597656
280.0,16.875,77.24757385253906,105.7214126586914,11.113365173339844,186.35215759277344,38.217079162597656
281.0,16.875,77.22738647460938,106.22250366210938,11.124176025390625,187.37440490722656,38.217079162597656
282.0,16.875,77.23328399658203,106.72156524658203,11.121013641357422,188.3973846435547,38.217079162597656
283.0,16.875,77.30264282226562,107.19103240966797,11.0838623046875,189.43655395507812,38.217079162597656
284.0,16.875,77.35639953613281,107.69058227539062,11.055061340332031,190.46192932128906,38.217079162597656
285.0,16.875,77.5027084350586,108.14049530029297,10.976699829101562,191.5178985595703,38.217079162597656
286.0,16.875,77.63353729248047,108.62107849121094,10.906612396240234,192.56101989746094,38.217079162597656
287.0,16.875,77.8335189819336,109.07115173339844,10.799495697021484,193.6280059814453,38.217079162597656
288.0,16.875,78.01494598388672,109.55453491210938,10.702312469482422,194.68099975585938,38.217079162597656
289.0,16.875,78.19454956054688,110.05894470214844,10.606101989746094,195.72674560546875,38.217079162597656
290.0,16.875,78.50080108642578,110.49517059326172,10.442062377929688,196.8267059326172,38.217079162597656
291.0,16.875,78.78719329833984,110.96674346923828,10.288654327392578,197.91275024414062,38.217079162597656
292.0,16.875,79.11322021484375,111.43285369873047,10.114017486572266,199.01382446289062,38.217079162597656
293.0,16.875,79.40372467041016,111.94478607177734,9.958404541015625,200.0921173095703,38.217079162597656
294.0,16.875,79.76165008544922,112.43366241455078,9.766681671142578,201.20025634765625,38.217079162597656
295.0,16.875,80.13661193847656,112.9341049194336,9.565834045410156,202.31298828125,38.217079162597656
296.0,16.875,80.4969482421875,113.46681213378906,9.372817993164062,203.41297912597656,38.217079162597656
297.0,16.875,80.84882354736328,114.02745819091797,9.184329986572266,204.50271606445312,38.217079162597656
298.0,16.875,81.18484497070312,114.6203842163086,9.004341125488281,205.57730102539062,38.217079162597656
299.0,16.875,81.48381042480469,115.2579345703125,8.844200134277344,206.623291015625,38.217079162597656
300.0,16.875,81.84368896484375,115.88021087646484,8.651420593261719,207.6973876953125,38.217079162597656
301.0,16.875,82.1240234375,116.5717544555664,8.501270294189453,208.716064453125,38.217079162597656
302.0,16.875,82.39070129394531,117.2918930053711,8.358421325683594,209.71701049804688,38.217079162597656
303.0,16.875,82.59722900390625,118.06640625,8.247791290283203,210.6702880859375,38.217079162597656
304.0,16.875,82.77808380126953,118.87398529052734,8.150917053222656,211.59561157226562,38.217079162597656
305.0,16.875,82.8966064453125,119.73363494873047,8.08742904663086,212.46826171875,38.217079162597656
306.0,16.875,82.91898345947266,120.66105651855469,8.075443267822266,213.26400756835938,38.217079162597656
307.0,16.875,82.98735809326172,121.57848358154297,8.038818359375,214.07418823242188,38.217079162597656
308.0,16.875,83.05573272705078,122.51068115234375,8.002197265625,214.86883544921875,38.217079162597656
309.0,16.875,83.08094787597656,123.47895812988281,7.9886932373046875,215.61830139160156,38.217079162597656
310.0,16.875,83.12849426269531,124.44959259033203,7.963218688964844,216.36636352539062,38.217079162597656
311.0,16.875,83.22665405273438,125.40965270996094,7.910636901855469,217.13311767578125,38.217079162597656
312.0,16.875,83.27681732177734,126.40640258789062,7.883769989013672,217.84991455078125,38.217079162597656
313.0,16.875,83.3587646484375,127.40177154541016,7.839866638183594,218.57228088378906,38.217079162597656
314.0,16.875,83.49507141113281,128.38682556152344,7.7668609619140625,219.3170623779297,38.217079162597656
315.0,16.875,83.63367462158203,129.38548278808594,7.692615509033203,220.04722595214844,38.217079162597656
316.0,16.875,83.76963806152344,130.3995819091797,7.619781494140625,220.75892639160156,38.217079162597656
317.0,16.875,83.96924591064453,131.40231323242188,7.5128631591796875,221.5011444091797,38.217079162597656
318.0,16.875,84.11236572265625,132.44224548339844,7.436195373535156,222.1846923828125,38.217079162597656
319.0,16.875,84.28278350830078,133.4856414794922,7.34490966796875,222.87161254882812,38.217079162597656
320.0,16.875,84.44100189208984,134.5475311279297,7.260169982910156,223.53199768066406,38.217079162597656
321.0,16.875,84.64614868164062,135.60662841796875,7.150279998779297,224.2108612060547,38.217079162597656
322.0,16.875,84.86426544189453,136.67587280273438,7.033451080322266,224.88241577148438,38.217079162597656
323.0,16.875,85.03363037109375,137.77520751953125,6.942726135253906,225.4983367919922,38.217079162597656
324.0,16.875,85.2475357055664,138.87380981445312,6.828144073486328,226.13096618652344,38.217079162597656
325.0,16.875,85.47306823730469,139.9828338623047,6.70733642578125,226.75465393066406,38.217079162597656
326.0,16.875,85.64161682128906,141.12156677246094,6.617061614990234,227.3145751953125,38.217079162597656
327.0,16.875,85.8958969116211,142.24961853027344,6.480842590332031,227.92410278320312,38.217079162597656
328.0,16.875,86.10040283203125,143.4041290283203,6.371307373046875,228.474853515625,38.217079162597656
329.0,16.875,86.32820892333984,144.56544494628906,6.249275207519531,229.02511596679688,38.217079162597656
330.0,16.875,86.49803161621094,145.75230407714844,6.1583099365234375,229.50869750976562,38.217079162597656
331.0,16.875,86.74458312988281,146.93394470214844,6.0262451171875,230.0349578857422,38.217079162597656
332.0,16.875,86.80520629882812,148.16404724121094,5.993762969970703,230.38851928710938,38.217079162597656
333.0,16.875,86.89761352539062,149.3953094482422,5.94427490234375,230.7469940185547,38.217079162597656
334.0,16.875,86.81167602539062,150.66334533691406,5.990303039550781,230.93649291992188,38.217079162597656
335.0,16.875,86.8056640625,151.92124938964844,5.9935302734375,231.17001342773438,38.217079162597656
336.0,16.875,86.62142944335938,153.2071533203125,6.092212677001953,231.2329864501953,38.217079162597656
337.0,16.875,86.41670227050781,154.49371337890625,6.201881408691406,231.25596618652344,38.217079162597656
338.0,16.875,86.10000610351562,155.78944396972656,6.371517181396484,231.16229248046875,38.217079162597656
339.0,16.875,85.81049346923828,157.07618713378906,6.526592254638672,231.0682830810547,38.217079162597656
340.0,16.875,85.38912963867188,158.3670196533203,6.752296447753906,230.8405303955078,38.217079162597656
341.0,16.875,84.8329086303711,159.65597534179688,7.050239562988281,230.47621154785156,38.217079162597656
342.0,16.875,84.26673889160156,160.93060302734375,7.353519439697266,230.0805206298828,38.217079162597656
343.0,16.875,83.81222534179688,162.18612670898438,7.596973419189453,229.7564697265625,38.217079162597656
344.0,16.875,83.40094757080078,163.42831420898438,7.817283630371094,229.4468536376953,38.217079162597656
345.0,16.875,82.82859802246094,164.65943908691406,8.123859405517578,228.97950744628906,38.217079162597656
346.0,16.875,82.59774780273438,165.8776092529297,8.247509002685547,228.7791290283203,38.217079162597656
347.0,16.875,82.25486755371094,167.08575439453125,8.431182861328125,228.46304321289062,38.217079162597656
348.0,16.875,81.86735534667969,168.2813720703125,8.638755798339844,228.08847045898438,38.217079162597656
349.0,16.875,81.69320678710938,169.47634887695312,8.732040405273438,227.87319946289062,38.217079162597656
350.0,16.875,81.84379577636719,170.68756103515625,8.651374816894531,227.91058349609375,38.217079162597656
351.0,16.875,81.89823913574219,171.89334106445312,8.622203826904297,227.8458251953125,38.217079162597656
352.0,16.875,81.90658569335938,173.09397888183594,8.617733001708984,227.72129821777344,38.217079162597656
353.0,16.875,82.07147216796875,174.31024169921875,8.529426574707031,227.70680236816406,38.217079162597656
354.0,16.875,82.28170776367188,175.53428649902344,8.416805267333984,227.7085723876953,38.217079162597656
355.0,16.875,82.58950805664062,176.77520751953125,8.251930236816406,227.76968383789062,38.217079162597656
356.0,16.875,82.96031188964844,178.03143310546875,8.053302764892578,227.86058044433594,38.217079162597656
357.0,16.875,83.50297546386719,179.32394409179688,7.762622833251953,228.070556640625,38.217079162597656
358.0,16.875,83.95054626464844,180.61001586914062,7.522880554199219,228.1779327392578,38.217079162597656
359.0,16.875,84.33328247070312,181.89114379882812,7.31787109375,228.20816040039062,38.217079162597656
0.0,11.25,99.89838409423828,186.4435272216797,7.233837127685547,245.46453857421875,38.217079162597656
22.0,11.25,99.83776092529297,217.22373962402344,7.2613067626953125,231.07861328125,38.217079162597656
23.0,11.25,99.46077728271484,218.27101135253906,7.432102203369141,229.88693237304688,38.217079162597656
24.0,11.25,99.11251831054688,219.3084259033203,7.589881896972656,228.70091247558594,38.217079162597656
25.0,11.25,98.822265625,220.35325622558594,7.72137451171875,227.54052734375,38.217079162597656
26.0,11.25,98.53327178955078,221.37490844726562,7.852287292480469,226.36582946777344,38.217079162597656
27.0,11.25,98.21516418457031,222.35546875,7.996402740478516,225.15679931640625,38.217079162597656
28.0,11.25,97.91071319580078,223.31919860839844,8.13433837890625,223.94317626953125,38.217079162597656
29.0,11.25,97.74996948242188,224.34542846679688,8.2071533203125,222.80987548828125,38.217079162597656
30.0,11.25,97.53584289550781,225.31687927246094,8.30416488647461,221.62628173828125,38.217079162597656
31.0,11.25,97.4441146850586,226.34222412109375,8.345722198486328,220.50547790527344,38.217079162597656
32.0,11.25,97.38258361816406,227.36624145507812,8.37359619140625,219.38665771484375,38.217079162597656
33.0,11.25,97.38360595703125,228.41065979003906,8.373130798339844,218.2888946533203,38.217079162597656
34.0,11.25,97.36419677734375,229.42222595214844,8.381919860839844,217.160888671875,38.217079162597656
35.0,11.25,97.35348510742188,230.41961669921875,8.386783599853516,216.02069091796875,38.217079162597656
36.0,11.25,97.41651916503906,231.4471893310547,8.358219146728516,214.9056854248047,38.217079162597656
37.0,11.25,97.52371215820312,232.486328125,8.309654235839844,213.79696655273438,38.217079162597656
38.0,11.25,97.56475067138672,233.46055603027344,8.291061401367188,212.6326446533203,38.217079162597656
39.0,11.25,97.64737701416016,234.44430541992188,8.253631591796875,211.47329711914062,38.217079162597656
40.0,11.25,97.72897338867188,235.40768432617188,8.216670989990234,210.29539489746094,38.217079162597656
41.0,11.25,97.81987762451172,236.35791015625,8.175483703613281,209.10458374023438,38.217079162597656
42.0,11.25,97.9158706665039,237.291748046875,8.131999969482422,207.8987579345703,38.217079162597656
43.0,11.25,97.97955322265625,238.18109130859375,8.103145599365234,206.6598663330078,38.217079162597656
44.0,11.25,98.0369644165039,239.04446411132812,8.077136993408203,205.40182495117188,38.217079162597656
45.0,11.25,98.071044921875,239.86839294433594,8.061695098876953,204.117431640625,38.217079162597656
46.0,11.25,98.1215591430664,240.6827392578125,8.038818359375,202.8257293701172,38.217079162597656
47.0,11.25,98.16638946533203,241.47036743164062,8.018501281738281,201.5168914794922,38.217079162597656
48.0,11.25,98.2023696899414,242.22842407226562,8.002201080322266,200.19015502929688,38.217079162597656
49.0,11.25,98.202392578125,242.9348907470703,8.002193450927734,198.83534240722656,38.217079162597656
50.0,11.25,98.202392578125,243.6175994873047,8.002197265625,197.4683837890625,38.217079162597656
51.0,11.25,98.1619644165039,244.2436981201172,8.0205078125,196.07444763183594,38.217079162597656
52.0,11.25,98.07347106933594,244.80596923828125,8.060592651367188,194.6529541015625,38.217079162597656
53.0,11.25,97.92716979980469,245.29537963867188,8.126876831054688,193.2029266357422,38.217079162597656
54.0,11.25,97.75776672363281,245.73944091796875,8.203620910644531,191.7389678955078,38.217079162597656
55.0,11.25,97.56684875488281,246.13902282714844,8.290115356445312,190.26304626464844,38.217079162597656
56.0,11.25,97.26220703125,246.41648864746094,8.428131103515625,188.7484130859375,38.217079162597656
57.0,11.25,96.88551330566406,246.6051788330078,8.598793029785156,187.21266174316406,38.217079162597656
58.0,11.25,96.41729736328125,246.68759155273438,8.810905456542969,185.6541748046875,38.217079162597656
59.0,11.25,95.95667266845703,246.7470703125,9.019584655761719,184.10340881347656,38.217079162597656
60.0,11.25,95.46117401123047,246.74754333496094,9.244056701660156,182.55010986328125,38.217079162597656
61.0,11.25,94.9397201538086,246.69650268554688,9.480300903320312,180.99847412109375,38.217079162597656
62.0,11.25,94.39813995361328,246.5989532470703,9.725654602050781,179.4514617919922,38.217079162597656
63.0,11.25,93.80084991455078,246.42405700683594,9.996253967285156,177.90338134765625,38.217079162597656
64.0,11.25,93.26081085205078,246.2700653076172,10.240901947021484,176.3782958984375,38.217079162597656
65.0,11.25,92.78685760498047,246.1456298828125,10.455623626708984,174.87564086914062,38.217079162597656
66.0,11.25,92.29624938964844,245.97901916503906,10.67788314819336,173.38006591796875,38.217079162597656
67.0,11.25,91.85797882080078,245.83114624023438,10.87643051147461,171.9024658203125,38.217079162597656
68.0,11.25,91.4974594116211,245.72512817382812,11.03976821899414,170.44412231445312,38.217079162597656
69.0,11.25,91.06304931640625,245.52755737304688,11.236576080322266,168.98532104492188,38.217079162597656
70.0,11.25,90.7358169555664,245.3988037109375,11.384807586669922,167.5469970703125,38.217079162597656
71.0,11.25,90.44247436523438,245.2745819091797,11.517711639404297,166.11880493164062,38.217079162597656
72.0,11.25,90.19123840332031,245.1625213623047,11.631523132324219,164.7002410888672,38.217079162597656
73.0,11.25,89.99545288085938,245.0748748779297,11.720233917236328,163.29034423828125,38.217079162597656
74.0,11.25,89.84741973876953,245.00502014160156,11.787288665771484,161.8867645263672,38.217079162597656
75.0,11.25,89.70342254638672,244.91421508789062,11.852519989013672,160.48696899414062,38.217079162597656
76.0,11.25,89.61752319335938,244.8507843017578,11.891448974609375,159.0912628173828,38.217079162597656
77.0,11.25,89.53995513916016,244.77041625976562,11.926586151123047,157.69808959960938,38.217079162597656
78.0,11.25,89.46932220458984,244.67196655273438,11.958580017089844,156.30752563476562,38.217079162597656
79.0,11.25,89.4108657836914,244.56016540527344,11.985065460205078,154.91941833496094,38.217079162597656
80.0,11.25,89.36431884765625,244.43478393554688,12.006153106689453,153.5336456298828,38.217079162597656
81.0,11.25,89.3404312133789,244.305419921875,12.016971588134766,152.14927673339844,38.217079162597656
82.0,11.25,89.24807739257812,244.09124755859375,12.058807373046875,150.7740478515625,38.217079162597656
83.0,11.25,89.16034698486328,243.85736083984375,12.098560333251953,149.40370178222656,38.217079162597656
84.0,11.25,89.10193634033203,243.6256561279297,12.125011444091797,148.03538513183594,38.217079162597656
85.0,11.25,89.01993560791016,243.34947204589844,12.162166595458984,146.67550659179688,38.217079162597656
86.0,11.25,88.86307525634766,242.98406982421875,12.233226776123047,145.33343505859375,38.217079162597656
87.0,11.25,88.7176284790039,242.60572814941406,12.299125671386719,143.99844360351562,38.217079162597656
88.0,11.25,88.4755630493164,242.12033081054688,12.408802032470703,142.69027709960938,38.217079162597656
89.0,11.25,88.29885864257812,241.66978454589844,12.488849639892578,141.38143920898438,38.217079162597656
90.0,11.25,88.08003234863281,241.16065979003906,12.587970733642578,140.09237670898438,38.217079162597656
91.0,11.25,87.86276245117188,240.6313018798828,12.686408996582031,138.81533813476562,38.217079162597656
92.0,11.25,87.66551208496094,240.09779357910156,12.775772094726562,137.54608154296875,38.217079162597656
93.0,11.25,87.43255615234375,239.5126495361328,12.881301879882812,136.29856872558594,38.217079162597656
94.0,11.25,87.21623229980469,238.92100524902344,12.979312896728516,135.06033325195312,38.217079162597656
95.0,11.25,87.068115234375,238.3664093017578,13.046409606933594,133.8160400390625,38.217079162597656
96.0,11.25,86.87704467773438,237.7549591064453,13.132972717285156,132.5968475341797,38.217079162597656
97.0,11.25,86.84793090820312,237.25820922851562,13.146163940429688,131.3396759033203,38.217079162597656
98.0,11.25,86.71488952636719,236.65382385253906,13.206439971923828,130.12644958496094,38.217079162597656
99.0,11.25,86.64644622802734,236.08216857910156,13.237434387207031,128.9033660888672,38.217079162597656
100.0,11.25,86.66021728515625,235.55665588378906,13.231212615966797,127.66166687011719,38.217079162597656
101.0,11.25,86.69770050048828,235.0286407470703,13.214229583740234,126.42023468017578,38.217079162597656
102.0,11.25,86.83908081054688,234.5620574951172,13.15018081665039,125.1471176147461,38.217079162597656
103.0,11.25,86.9369888305664,234.0377960205078,13.105819702148438,123.89793395996094,38.217079162597656
104.0,11.25,87.05227661132812,233.5048065185547,13.053592681884766,122.64949035644531,38.217079162597656
105.0,11.25,87.21204376220703,232.9839324951172,12.981208801269531,121.38973236083984,38.217079162597656
106.0,11.25,87.41117858886719,232.47035217285156,12.891002655029297,120.11957550048828,38.217079162597656
107.0,11.25,87.61961364746094,231.94021606445312,12.796566009521484,118.85164642333984,38.217079162597656
108.0,11.25,87.96058654785156,231.48658752441406,12.64208984375,117.52784729003906,38.217079162597656
109.0,11.25,88.22846221923828,230.952392578125,12.520732879638672,116.24315643310547,38.217079162597656
110.0,11.25,88.529541015625,230.41812133789062,12.38433837890625,114.94795989990234,38.217079162597656
111.0,11.25,88.83586120605469,229.8625030517578,12.245559692382812,113.65574645996094,38.217079162597656
112.0,11.25,89.21932983398438,229.33731079101562,12.071834564208984,112.32916259765625,38.217079162597656
113.0,11.25,89.66251373291016,228.8280487060547,11.87105941772461,110.9751205444336,38.217079162597656
114.0,11.25,90.04197692871094,228.2462615966797,11.699146270751953,109.65967559814453,38.217079162597656
115.0,11.25,90.50990295410156,227.69923400878906,11.487163543701172,108.30033874511719,38.217079162597656
116.0,11.25,91.03087615966797,227.1602020263672,11.251148223876953,106.91477966308594,38.217079162597656
117.0,11.25,91.56173706054688,226.5984649658203,11.010650634765625,105.52688598632812,38.217079162597656
118.0,11.25,92.08341979980469,226.00103759765625,10.774299621582031,104.14830017089844,38.217079162597656
119.0,11.25,92.64109802246094,225.39764404296875,10.521652221679688,102.75247955322266,38.217079162597656
120.0,11.25,93.25076293945312,224.79736328125,10.245452880859375,101.32894134521484,38.217079162597656
121.0,11.25,93.7984390258789,224.12660217285156,9.997344970703125,99.94837188720703,38.217079162597656
122.0,11.25,94.3804931640625,223.4470672607422,9.733646392822266,98.55171203613281,38.217079162597656
123.0,11.25,94.89552307128906,222.69590759277344,9.500320434570312,97.20454406738281,38.217079162597656
124.0,11.25,95.41950225830078,221.9208221435547,9.262935638427734,95.859375,38.217079162597656
125.0,11.25,95.89236450195312,221.08631896972656,9.048713684082031,94.55687713623047,38.217079162597656
126.0,11.25,96.39408111572266,220.24020385742188,8.821418762207031,93.24468994140625,38.217079162597656
127.0,11.25,96.83050537109375,219.32859802246094,8.623703002929688,91.98767852783203,38.217079162597656
128.0,11.25,97.32652282714844,218.42263793945312,8.398994445800781,90.70072174072266,38.217079162597656
129.0,11.25,97.61236572265625,217.3753662109375,8.269493103027344,89.57463073730469,38.217079162597656
130.0,11.25,97.96470642089844,216.33990478515625,8.109878540039062,88.41638946533203,38.217079162597656
131.0,11.25,98.0731201171875,215.1550750732422,8.060752868652344,87.45126342773438,38.217079162597656
132.0,11.25,28.271379470825195,179.06549072265625,39.68342208862305,138.15139770507812,38.217079162597656
133.0,11.25,25.93326187133789,177.56239318847656,40.742671966552734,139.6557159423828,38.217079162597656
134.0,11.25,24.957168579101562,176.76058959960938,41.184871673583984,140.1763153076172,38.217079162597656
135.0,11.25,24.12136459350586,176.04544067382812,41.56352615356445,140.6116180419922,38.217079162597656
136.0,11.25,23.371864318847656,175.38771057128906,41.90306854248047,140.9993438720703,38.217079162597656
137.0,11.25,22.713842391967773,174.7865753173828,42.20117950439453,141.3329315185547,38.217079162597656
138.0,11.25,22.17458724975586,174.25013732910156,42.44548034667969,141.58840942382812,38.217079162597656
139.0,11.25,21.569461822509766,173.69895935058594,42.719627380371094,141.9093780517578,38.217079162597656
140.0,11.25,21.147401809692383,173.23355102539062,42.91082763671875,142.09750366210938,38.217079162597656
141.0,11.25,20.677364349365234,172.75930786132812,43.123775482177734,142.33529663085938,38.217079162597656
142.0,11.25,20.490039825439453,172.3986053466797,43.208641052246094,142.35418701171875,38.217079162597656
143.0,11.25,20.157047271728516,171.99014282226562,43.3594970703125,142.5000457763672,38.217079162597656
144.0,11.25,19.91391944885254,171.619140625,43.46964645385742,142.5807342529297,38.217079162597656
145.0,11.25,19.774972915649414,171.28646850585938,43.532588958740234,142.5825958251953,38.217079162597656
146.0,11.25,19.39699935913086,170.88287353515625,43.70383071899414,142.79119873046875,38.217079162597656
147.0,11.25,19.254878997802734,170.55711364746094,43.76821517944336,142.81002807617188,38.217079162597656
148.0,11.25,19.100799560546875,170.2305450439453,43.83802032470703,142.8453826904297,38.217079162597656
149.0,11.25,18.920801162719727,169.90013122558594,43.91956329345703,142.90924072265625,38.217079162597656
150.0,11.25,18.781566619873047,169.58363342285156,43.982643127441406,142.94473266601562,38.217079162597656
151.0,11.25,18.618608474731445,169.26438903808594,44.05646896362305,143.00674438476562,38.217079162597656
152.0,11.25,18.39496612548828,168.93560791015625,44.15778350830078,143.12744140625,38.217079162597656
153.0,11.25,18.288021087646484,168.63584899902344,44.206233978271484,143.1533203125,38.217079162597656
154.0,11.25,18.121885299682617,168.32717895507812,44.28150177001953,143.23638916015625,38.217079162597656
155.0,11.25,18.016916275024414,168.0330047607422,44.32905578613281,143.27183532714844,38.217079162597656
156.0,11.25,17.951448440551758,167.74722290039062,44.35871124267578,143.2780303955078,38.217079162597656
157.0,11.25,17.839967727661133,167.45616149902344,44.40921401977539,143.32989501953125,38.217079162597656
158.0,11.25,17.7109432220459,167.16558837890625,44.46767044067383,143.40257263183594,38.217079162597656
159.0,11.25,17.60536766052246,166.880859375,44.5155029296875,143.45982360839844,38.217079162597656
160.0,11.25,17.609148025512695,166.6090545654297,44.5137825012207,143.42527770996094,38.217079162597656
161.0,11.25,17.591083526611328,166.33494567871094,44.52197265625,143.4148712158203,38.217079162597656
162.0,11.25,17.477500915527344,166.0549774169922,44.573429107666016,143.4942169189453,38.217079162597656
163.0,11.25,17.375890731811523,165.7787322998047,44.61946105957031,143.56788635253906,38.217079162597656
164.0,11.25,17.352001190185547,165.5078887939453,44.63028335571289,143.5771942138672,38.217079162597656
165.0,11.25,17.3365535736084,165.2377471923828,44.63728332519531,143.58370971679688,38.217079162597656
166.0,11.25,17.294681549072266,164.96800231933594,44.656253814697266,143.61849975585938,38.217079162597656
167.0,11.25,17.24984359741211,164.6995849609375,44.67656707763672,143.66062927246094,38.217079162597656
168.0,11.25,17.27660369873047,164.4304656982422,44.6644401550293,143.6436309814453,38.217079162597656
169.0,11.25,17.32967185974121,164.15945434570312,44.64039993286133,143.60792541503906,38.217079162597656
170.0,11.25,17.308666229248047,163.8916015625,44.64991760253906,143.64288330078125,38.217079162597656
171.0,11.25,17.26050567626953,163.62681579589844,44.67173767089844,143.70660400390625,38.217079162597656
172.0,11.25,17.255359649658203,163.35995483398438,44.67406463623047,143.73672485351562,38.217079162597656
173.0,11.25,17.249305725097656,163.0938262939453,44.67681121826172,143.7722930908203,38.217079162597656
174.0,11.25,17.320762634277344,162.81890869140625,44.64443588256836,143.74404907226562,38.217079162597656
175.0,11.25,17.401107788085938,162.54116821289062,44.60803985595703,143.71295166015625,38.217079162597656
176.0,11.25,17.4509220123291,162.26641845703125,44.585472106933594,143.71371459960938,38.217079162597656
177.0,11.25,17.50010108947754,161.9910888671875,44.56318664550781,143.719970703125,38.217079162597656
178.0,11.25,17.507423400878906,161.72286987304688,44.559871673583984,143.76768493652344,38.217079162597656
179.0,11.25,17.587833404541016,161.4407958984375,44.523441314697266,143.75660705566406,38.217079162597656
180.0,11.25,17.68438720703125,161.15390014648438,44.47970199584961,143.7367706298828,38.217079162597656
181.0,11.25,17.72433853149414,160.87826538085938,44.461605072021484,143.7710723876953,38.217079162597656
182.0,11.25,17.785547256469727,160.5974578857422,44.433868408203125,143.79212951660156,38.217079162597656
183.0,11.25,17.87787437438965,160.30807495117188,44.39204406738281,143.79180908203125,38.217079162597656
184.0,11.25,17.954025268554688,160.0217742919922,44.3575439453125,143.81069946289062,38.217079162597656
185.0,11.25,17.985206604003906,159.74777221679688,44.343421936035156,143.87286376953125,38.217079162597656
186.0,11.25,18.05126953125,159.4638214111328,44.31349182128906,143.91073608398438,38.217079162597656
187.0,11.25,18.205598831176758,159.1514434814453,44.24357223510742,143.8804473876953,38.217079162597656
188.0,11.25,18.400789260864258,158.82275390625,44.155147552490234,143.82269287109375,38.217079162597656
189.0,11.25,18.593469619750977,158.4911651611328,44.06785202026367,143.77391052246094,38.217079162597656
190.0,11.25,18.76620864868164,158.16323852539062,43.98958969116211,143.7483673095703,38.217079162597656
191.0,11.25,18.827001571655273,157.8745880126953,43.962059020996094,143.82012939453125,38.217079162597656
192.0,11.25,18.939420700073242,157.56622314453125,43.911128997802734,143.85595703125,38.217079162597656
193.0,11.25,19.164236068725586,157.2115478515625,43.80927276611328,143.80862426757812,38.217079162597656
194.0,11.25,19.367015838623047,156.86219787597656,43.717411041259766,143.7864532470703,38.217079162597656
195.0,11.25,19.548770904541016,156.51882934570312,43.63507080078125,143.7882843017578,38.217079162597656
196.0,11.25,19.768741607666016,156.1560516357422,43.5354118347168,143.7679901123047,38.217079162597656
197.0,11.25,19.99601173400879,155.78668212890625,43.43244934082031,143.75018310546875,38.217079162597656
198.0,11.25,20.419843673706055,155.3212890625,43.240440368652344,143.5919952392578,38.217079162597656
199.0,11.25,20.655832290649414,154.93875122070312,43.13352966308594,143.58599853515625,38.217079162597656
200.0,11.25,20.996532440185547,154.50096130371094,42.97917938232422,143.5112762451172,38.217079162597656
201.0,11.25,21.511009216308594,153.96878051757812,42.7461051940918,143.32025146484375,38.217079162597656
202.0,11.25,21.7992000579834,153.5452880859375,42.61553955078125,143.3064727783203,38.217079162597656
203.0,11.25,22.304149627685547,153.00184631347656,42.386783599853516,143.14833068847656,38.217079162597656
204.0,11.25,22.812725067138672,152.44747924804688,42.1563835144043,143.00193786621094,38.217079162597656
205.0,11.25,24.082687377929688,151.45765686035156,41.58104705810547,142.3423614501953,38.217079162597656
206.0,11.25,25.459686279296875,150.3799285888672,40.957210540771484,141.63958740234375,38.217079162597656
207.0,11.25,96.93128967285156,108.30973052978516,8.578044891357422,93.78068542480469,38.217079162597656
208.0,11.25,97.23966979980469,106.99568176269531,8.438339233398438,94.57481384277344,38.217079162597656
209.0,11.25,97.50386810302734,105.71896362304688,8.318641662597656,95.4238510131836,38.217079162597656
210.0,11.25,97.66866302490234,104.51581573486328,8.24399185180664,96.36164855957031,38.217079162597656
211.0,11.25,97.88417053222656,103.29544830322266,8.146366119384766,97.29008483886719,38.217079162597656
212.0,11.25,97.98587036132812,102.16203308105469,8.100284576416016,98.31261444091797,38.217079162597656
213.0,11.25,98.08482360839844,101.04732513427734,8.055450439453125,99.35758972167969,38.217079162597656
214.0,11.25,98.13629150390625,99.98145294189453,8.03213119506836,100.45133972167969,38.217079162597656
215.0,11.25,98.14671325683594,98.96188354492188,8.027412414550781,101.58815002441406,38.217079162597656
216.0,11.25,98.08110046386719,98.01410675048828,8.057132720947266,102.78630065917969,38.217079162597656
217.0,11.25,97.95987701416016,97.12654113769531,8.112068176269531,104.03126525878906,38.217079162597656
218.0,11.25,97.79064178466797,96.29573059082031,8.188724517822266,105.31642150878906,38.217079162597656
219.0,11.25,97.51882934570312,95.56206512451172,8.311866760253906,106.66887664794922,38.217079162597656
220.0,11.25,97.21028900146484,94.881103515625,8.451641082763672,108.0498046875,38.217079162597656
221.0,11.25,96.87254333496094,94.24844360351562,8.604652404785156,109.45346069335938,38.217079162597656
222.0,11.25,96.43441772460938,93.71754455566406,8.803150177001953,110.9136734008789,38.217079162597656
223.0,11.25,95.9876708984375,93.222412109375,9.005535125732422,112.3814468383789,38.217079162597656
224.0,11.25,95.40960693359375,92.85592651367188,9.267425537109375,113.91388702392578,38.217079162597656
225.0,11.25,94.88253784179688,92.48202514648438,9.506206512451172,115.42138671875,38.217079162597656
226.0,11.25,94.26434326171875,92.20894622802734,9.786262512207031,116.96879577636719,38.217079162597656
227.0,11.25,93.69789123535156,91.92735290527344,10.042888641357422,118.48995971679688,38.217079162597656
228.0,11.25,93.11165618896484,91.69212341308594,10.308467864990234,120.016357421875,38.217079162597656
229.0,11.25,92.587158203125,91.43875885009766,10.546089172363281,121.51351928710938,38.217079162597656
230.0,11.25,92.10271453857422,91.1831283569336,10.765556335449219,122.99191284179688,38.217079162597656
231.0,11.25,91.65974426269531,90.92308807373047,10.966243743896484,124.45207214355469,38.217079162597656
232.0,11.25,91.27877044677734,90.64096069335938,11.138832092285156,125.88776397705078,38.217079162597656
233.0,11.25,90.90962219238281,90.37660217285156,11.306087493896484,127.318603515625,38.217079162597656
234.0,11.25,90.56195068359375,90.1217041015625,11.463569641113281,128.74134826660156,38.217079162597656
235.0,11.25,90.29242706298828,89.82862854003906,11.585681915283203,130.13832092285156,38.217079162597656
236.0,11.25,90.12520599365234,89.47576904296875,11.66143798828125,131.50498962402344,38.217079162597656
237.0,11.25,89.94961547851562,89.1547622680664,11.74099349975586,132.8775634765625,38.217079162597656
238.0,11.25,89.82220458984375,88.8177719116211,11.798713684082031,134.23965454101562,38.217079162597656
239.0,11.25,89.75970458984375,88.44987487792969,11.827030181884766,135.5885467529297,38.217079162597656
240.0,11.25,89.7583999633789,88.05342102050781,11.827617645263672,136.927734375,38.217079162597656
241.0,11.25,89.78348541259766,87.65768432617188,11.81625747680664,138.26744079589844,38.217079162597656
242.0,11.25,89.85724639892578,87.24319458007812,11.7828369140625,139.60372924804688,38.217079162597656
243.0,11.25,89.96431732177734,86.82289123535156,11.734325408935547,140.94143676757812,38.217079162597656
244.0,11.25,90.11982727050781,86.38339233398438,11.663875579833984,142.27894592285156,38.217079162597656
245.0,11.25,90.29826354980469,85.94677734375,11.58304214477539,143.62232971191406,38.217079162597656
246.0,11.25,90.51978302001953,85.49532318115234,11.482677459716797,144.96917724609375,38.217079162597656
247.0,11.25,90.81597137451172,85.00114440917969,11.348499298095703,146.31661987304688,38.217079162597656
248.0,11.25,91.07758331298828,84.5604019165039,11.229988098144531,147.68136596679688,38.217079162597656
249.0,11.25,91.45814514160156,84.03775787353516,11.057563781738281,149.044677734375,38.217079162597656
250.0,11.25,91.81941986083984,83.55541229248047,10.893901824951172,150.42454528808594,38.217079162597656
251.0,11.25,92.28374481201172,83.00518035888672,10.683551788330078,151.81015014648438,38.217079162597656
252.0,11.25,92.73780822753906,82.48774719238281,10.477836608886719,153.21299743652344,38.217079162597656
253.0,11.25,93.25834655761719,81.93526458740234,10.242012023925781,154.62857055664062,38.217079162597656
254.0,11.25,93.76212310791016,81.42214965820312,10.0137939453125,156.0622100830078,38.217079162597656
255.0,11.25,94.26824951171875,80.93183135986328,9.784492492675781,157.51239013671875,38.217079162597656
256.0,11.25,94.78682708740234,80.45572662353516,9.549571990966797,158.97872924804688,38.217079162597656
257.0,11.25,95.22744750976562,80.0748291015625,9.34994125366211,160.4600830078125,38.217079162597656
258.0,11.25,95.64706420898438,79.73872375488281,9.159843444824219,161.9540557861328,38.217079162597656
259.0,11.25,96.06634521484375,79.42933654785156,8.969894409179688,163.46022033691406,38.217079162597656
260.0,11.25,96.39562225341797,79.22673034667969,8.820724487304688,164.9724884033203,38.217079162597656
261.0,11.25,96.68199157714844,79.08903503417969,8.690982818603516,166.4898681640625,38.217079162597656
262.0,11.25,96.98878479003906,78.96016693115234,8.551994323730469,168.01573181152344,38.217079162597656
263.0,11.25,97.20845031738281,78.93557739257812,8.452484130859375,169.53895568847656,38.217079162597656
264.0,11.25,97.12031555175781,79.20979309082031,8.492408752441406,171.02777099609375,38.217079162597656
265.0,11.25,95.14089965820312,81.17523193359375,9.38916015625,172.2476043701172,38.217079162597656
266.0,11.25,93.35041046142578,82.9906997680664,10.200305938720703,173.4316864013672,38.217079162597656
267.0,11.25,91.73802185058594,84.6656265258789,10.930778503417969,174.58668518066406,38.217079162597656
268.0,11.25,90.30168914794922,86.20191192626953,11.581493377685547,175.72021484375,38.217079162597656
269.0,11.25,89.01546478271484,87.62252807617188,12.164196014404297,176.8350067138672,38.217079162597656
270.0,11.25,87.88335418701172,88.92439270019531,12.677078247070312,177.9384765625,38.217079162597656
271.0,11.25,86.92166900634766,90.09412384033203,13.11275863647461,179.0412139892578,38.217079162597656
272.0,11.25,86.06444549560547,91.18939971923828,13.501113891601562,180.1345672607422,38.217079162597656
273.0,11.25,85.27342987060547,92.24337005615234,13.859466552734375,181.21310424804688,38.217079162597656
274.0,11.25,84.60758209228516,93.2061538696289,14.161125183105469,182.29571533203125,38.217079162597656
275.0,11.25,84.00013732910156,94.13514709472656,14.43631362915039,183.36843872070312,38.217079162597656
276.0,11.25,83.49125671386719,94.99699401855469,14.666854858398438,184.4458770751953,38.217079162597656
277.0,11.25,83.0544662475586,95.81472778320312,14.864734649658203,185.523681640625,38.217079162597656
278.0,11.25,82.66514587402344,96.60942077636719,15.041114807128906,186.59657287597656,38.217079162597656
279.0,11.25,82.39252471923828,97.32460021972656,15.164623260498047,187.69039916992188,38.217079162597656
280.0,11.25,82.14483642578125,98.0367660522461,15.276840209960938,188.77671813964844,38.217079162597656
281.0,11.25,81.94955444335938,98.72382354736328,15.365306854248047,189.86663818359375,38.217079162597656
282.0,11.25,81.8883056640625,99.32105255126953,15.393047332763672,190.9939727783203,38.217079162597656
283.0,11.25,81.80786895751953,99.95271301269531,15.429492950439453,192.1021270751953,38.217079162597656
284.0,11.25,81.79711151123047,100.54814910888672,15.43436050415039,193.22706604003906,38.217079162597656
285.0,11.25,81.88227081298828,101.08824157714844,15.395782470703125,194.38272094726562,38.217079162597656
286.0,11.25,82.03375244140625,101.59784698486328,15.327163696289062,195.55943298339844,38.217079162597656
287.0,11.25,82.22129821777344,102.10153198242188,15.242195129394531,196.74566650390625,38.217079162597656
288.0,11.25,82.51290893554688,102.54867553710938,15.110088348388672,197.97454833984375,38.217079162597656
289.0,11.25,82.82421875,103.00487518310547,14.969047546386719,199.20877075195312,38.217079162597656
290.0,11.25,83.2388916015625,103.40879821777344,14.781185150146484,200.4904022216797,38.217079162597656
291.0,11.25,83.68060302734375,103.81890869140625,14.581077575683594,201.7838897705078,38.217079162597656
292.0,11.25,84.20138549804688,104.19847106933594,14.345149993896484,203.11703491210938,38.217079162597656
293.0,11.25,84.78231048583984,104.56322479248047,14.081966400146484,204.48211669921875,38.217079162597656
294.0,11.25,85.46197509765625,104.88782501220703,13.774051666259766,205.90191650390625,38.217079162597656
295.0,11.25,86.15921783447266,105.23155212402344,13.458179473876953,207.333984375,38.217079162597656
296.0,11.25,86.95331573486328,105.54093933105469,13.098419189453125,208.82366943359375,38.217079162597656
297.0,11.25,87.86244201660156,105.80685424804688,12.686553955078125,210.3843536376953,38.217079162597656
298.0,11.25,88.71231842041016,106.14862060546875,12.301528930664062,211.9154510498047,38.217079162597656
299.0,11.25,89.69834899902344,106.4371337890625,11.85483169555664,213.53280639648438,38.217079162597656
300.0,11.25,90.68396759033203,106.7646484375,11.408309936523438,215.15576171875,38.217079162597656
301.0,11.25,91.71037292480469,107.10545349121094,10.943302154541016,216.80938720703125,38.217079162597656
302.0,11.25,92.64959716796875,107.5405044555664,10.517803192138672,218.4121856689453,38.217079162597656
303.0,11.25,93.63604736328125,107.98529052734375,10.070903778076172,220.04795837402344,38.217079162597656
304.0,11.25,94.53736877441406,108.52068328857422,9.66257095336914,221.62973022460938,38.217079162597656
305.0,11.25,95.39111328125,109.12195587158203,9.275802612304688,223.17921447753906,38.217079162597656
306.0,11.25,96.0775146484375,109.85623931884766,8.964824676513672,224.61239624023438,38.217079162597656
307.0,11.25,96.67839813232422,110.67170715332031,8.692611694335938,225.9801483154297,38.217079162597656
308.0,11.25,97.16891479492188,111.57884216308594,8.470394134521484,227.26177978515625,38.217079162597656
309.0,11.25,97.48946380615234,112.60551452636719,8.325176239013672,228.4110565185547,38.217079162597656
310.0,11.25,97.72346496582031,113.70150756835938,8.219158172607422,229.48284912109375,38.217079162597656
311.0,11.25,97.93470764160156,114.83064270019531,8.123470306396484,230.52084350585938,38.217079162597656
312.0,11.25,98.0429458618164,116.0318603515625,8.07442855834961,231.4647674560547,38.217079162597656
313.0,11.25,98.14592742919922,117.25330352783203,8.027774810791016,232.3845672607422,38.217079162597656
314.0,11.25,98.20237731933594,118.51396179199219,8.002193450927734,233.24859619140625,38.217079162597656
315.0,11.25,98.20237731933594,119.81620788574219,8.002193450927734,234.04783630371094,38.217079162597656
316.0,11.25,98.202392578125,121.13219451904297,8.002197265625,234.82424926757812,38.217079162597656
317.0,11.25,98.202392578125,122.46157836914062,8.002197265625,235.5775909423828,38.217079162597656
318.0,11.25,98.20237731933594,123.80386352539062,8.002193450927734,236.30755615234375,38.217079162597656
319.0,11.25,98.20237731933594,125.15868377685547,8.002193450927734,237.01400756835938,38.217079162597656
320.0,11.25,98.20237731933594,126.525634765625,8.002197265625,237.69671630859375,38.217079162597656
321.0,11.25,98.2023696899414,127.90430450439453,8.002201080322266,238.35545349121094,38.217079162597656
322.0,11.25,98.20236206054688,129.29428100585938,8.002193450927734,238.99005126953125,38.217079162597656
323.0,11.25,98.20237731933594,130.69508361816406,8.002197265625,239.6002960205078,38.217079162597656
324.0,11.25,98.22061920166016,132.1002197265625,7.993934631347656,240.2010498046875,38.217079162597656
325.0,11.25,98.2427978515625,133.5146484375,7.983882904052734,240.78057861328125,38.217079162597656
326.0,11.25,98.32205200195312,134.92184448242188,7.947975158691406,241.3832550048828,38.217079162597656
327.0,11.25,98.4199447631836,136.33511352539062,7.903636932373047,241.9774169921875,38.217079162597656
328.0,11.25,98.57685089111328,137.74366760253906,7.832546234130859,242.59730529785156,38.217079162597656
329.0,11.25,98.7640609741211,139.15724182128906,7.747737884521484,243.21910095214844,38.217079162597656
330.0,11.25,98.95936584472656,140.5822296142578,7.6592559814453125,243.82388305664062,38.217079162597656
331.0,11.25,99.06838989257812,142.04051208496094,7.60986328125,244.3302459716797,38.217079162597656
332.0,11.25,99.21733856201172,143.50035095214844,7.542388916015625,244.84603881835938,38.217079162597656
333.0,11.25,99.29371643066406,144.98583984375,7.507778167724609,245.27377319335938,38.217079162597656
334.0,11.25,99.36891174316406,146.4799346923828,7.473716735839844,245.6747589111328,38.217079162597656
335.0,11.25,99.40299987792969,147.98895263671875,7.458271026611328,246.01385498046875,38.217079162597656
336.0,11.25,99.38333129882812,149.51260375976562,7.467182159423828,246.2794952392578,38.217079162597656
337.0,11.25,99.30792236328125,151.048095703125,7.5013427734375,246.4693603515625,38.217079162597656
338.0,11.25,99.18099975585938,152.59194946289062,7.5588531494140625,246.58676147460938,38.217079162597656
339.0,11.25,99.1205825805664,154.12838745117188,7.586212158203125,246.73577880859375,38.217079162597656
340.0,11.25,98.887451171875,155.6824493408203,7.691841125488281,246.70472717285156,38.217079162597656
341.0,11.25,98.77706146240234,157.22256469726562,7.741844177246094,246.75521850585938,38.217079162597656
342.0,11.25,98.56600189208984,158.76788330078125,7.837459564208984,246.6891632080078,38.217079162597656
343.0,11.25,98.36405944824219,160.30812072753906,7.928951263427734,246.6040496826172,38.217079162597656
344.0,11.25,98.17131042480469,161.8431854248047,8.016273498535156,246.50013732910156,38.217079162597656
345.0,11.25,98.01114654541016,163.37269592285156,8.088829040527344,246.39840698242188,38.217079162597656
346.0,11.25,97.66061401367188,164.89785766601562,8.247634887695312,246.1002655029297,38.217079162597656
347.0,11.25,97.51461791992188,166.4151611328125,8.313774108886719,245.95790100097656,38.217079162597656
348.0,11.25,97.20569610595703,167.9224853515625,8.453731536865234,245.64398193359375,38.217079162597656
349.0,11.25,97.11563873291016,169.42938232421875,8.494529724121094,245.49887084960938,38.217079162597656
350.0,11.25,97.04127502441406,170.93309020996094,8.528217315673828,245.34152221679688,38.217079162597656
351.0,11.25,96.98420715332031,172.43405151367188,8.554073333740234,245.17340087890625,38.217079162597656
352.0,11.25,96.90007781982422,173.9283905029297,8.592178344726562,244.9552001953125,38.217079162597656
353.0,11.25,97.10775756835938,175.44894409179688,8.498100280761719,244.96932983398438,38.217079162597656
354.0,11.25,97.15869140625,176.953369140625,8.475025177001953,244.818115234375,38.217079162597656
355.0,11.25,97.56550598144531,178.50511169433594,8.290721893310547,244.9539337158203,38.217079162597656
356.0,11.25,97.93846130371094,180.06005859375,8.12176513671875,245.03187561035156,38.217079162597656
357.0,11.25,98.34941101074219,181.62823486328125,7.935581207275391,245.11488342285156,38.217079162597656
358.0,11.25,98.90655517578125,183.23089599609375,7.683177947998047,245.29673767089844,38.217079162597656
359.0,11.25,99.3878173828125,184.82977294921875,7.465145111083984,245.38279724121094,38.217079162597656
76.0,5.625,99.65618133544922,257.6911315917969,16.011863708496094,160.0675048828125,38.217079162597656
77.0,5.625,99.43289184570312,257.4872131347656,16.093597412109375,158.4502410888672,38.217079162597656
78.0,5.625,99.20484924316406,257.250732421875,16.177066802978516,156.8405303955078,38.217079162597656
79.0,5.625,98.93828582763672,256.95050048828125,16.274646759033203,155.2403564453125,38.217079162597656
80.0,5.625,98.79706573486328,256.7390441894531,16.32632827758789,153.6431427001953,38.217079162597656
81.0,5.625,98.49890899658203,256.3542785644531,16.43547821044922,152.06326293945312,38.217079162597656
82.0,5.625,98.30645751953125,256.04034423828125,16.50592803955078,150.48594665527344,38.217079162597656
83.0,5.625,98.06771087646484,255.65643310546875,16.593318939208984,148.92227172851562,38.217079162597656
84.0,5.625,97.81398010253906,255.23193359375,16.686206817626953,147.37115478515625,38.217079162597656
85.0,5.625,97.52461242675781,254.7481689453125,16.792129516601562,145.83660888671875,38.217079162597656
86.0,5.625,97.23065948486328,254.23422241210938,16.89972686767578,144.3160400390625,38.217079162597656
87.0,5.625,97.00718688964844,253.75914001464844,16.981525421142578,142.79759216308594,38.217079162597656
88.0,5.625,96.66996765136719,253.154541015625,17.104969024658203,141.3120880126953,38.217079162597656
89.0,5.625,96.44225311279297,252.62478637695312,17.18832778930664,139.8209228515625,38.217079162597656
90.0,5.625,96.11131286621094,251.9764404296875,17.309471130371094,138.36502075195312,38.217079162597656
91.0,5.625,95.76951599121094,251.29429626464844,17.434581756591797,136.92837524414062,38.217079162597656
92.0,5.625,95.4183578491211,250.58018493652344,17.563129425048828,135.51153564453125,38.217079162597656
93.0,5.625,95.0870132446289,249.8607177734375,17.68441390991211,134.107666015625,38.217079162597656
94.0,5.625,94.63758087158203,249.01353454589844,17.84893798828125,132.75450134277344,38.217079162597656
95.0,5.625,94.27041625976562,248.2177734375,17.983333587646484,131.399169921875,38.217079162597656
96.0,5.625,93.88902282714844,247.3878936767578,18.12295150756836,130.0679473876953,38.217079162597656
97.0,5.625,93.49642181396484,246.52725219726562,18.266658782958984,128.76089477539062,38.217079162597656
98.0,5.625,93.20111083984375,245.7305145263672,18.374759674072266,127.44203186035156,38.217079162597656
99.0,5.625,92.89177703857422,244.9005889892578,18.48798370361328,126.14667510986328,38.217079162597656
100.0,5.625,92.65633392333984,244.11328125,18.574176788330078,124.8433837890625,38.217079162597656
101.0,5.625,92.44419860839844,243.3246307373047,18.65182113647461,123.5485610961914,38.217079162597656
102.0,5.625,92.31014251708984,242.58062744140625,18.70089340209961,122.23970794677734,38.217079162597656
103.0,5.625,92.20670318603516,241.84036254882812,18.738765716552734,120.933349609375,38.217079162597656
104.0,5.625,92.1805419921875,241.14202880859375,18.748332977294922,119.60855102539062,38.217079162597656
105.0,5.625,92.14077758789062,240.40975952148438,18.762897491455078,118.30252838134766,38.217079162597656
106.0,5.625,92.22200012207031,239.7532196044922,18.73316192626953,116.954833984375,38.217079162597656
107.0,5.625,92.32395935058594,239.0892791748047,18.695838928222656,115.60791015625,38.217079162597656
108.0,5.625,92.45884704589844,238.42723083496094,18.646465301513672,114.25542449951172,38.217079162597656
109.0,5.625,92.65160369873047,237.78602600097656,18.575912475585938,112.88400268554688,38.217079162597656
110.0,5.625,92.87632751464844,237.1441192626953,18.493648529052734,111.50498962402344,38.217079162597656
111.0,5.625,93.14817810058594,236.51242065429688,18.39413070678711,110.109619140625,38.217079162597656
112.0,5.625,93.44537353515625,235.8731689453125,18.28533935546875,108.70819854736328,38.217079162597656
113.0,5.625,93.83199310302734,235.27374267578125,18.14382553100586,107.26488494873047,38.217079162597656
114.0,5.625,94.26985168457031,234.683349609375,17.983531951904297,105.79830169677734,38.217079162597656
115.0,5.625,94.70348358154297,234.05999755859375,17.824806213378906,104.33905792236328,38.217079162597656
116.0,5.625,95.27726745605469,233.50770568847656,17.614776611328125,102.80274963378906,38.217079162597656
117.0,5.625,95.91062927246094,232.96495056152344,17.38292694091797,101.23323822021484,38.217079162597656
118.0,5.625,96.64248657226562,232.45693969726562,17.115032196044922,99.60506439208984,38.217079162597656
119.0,5.625,97.47410583496094,231.9812774658203,16.81060791015625,97.91462707519531,38.217079162597656
120.0,5.625,98.35591125488281,231.5009307861328,16.487823486328125,96.1907730102539,38.217079162597656
121.0,5.625,99.32682800292969,231.03994750976562,16.132408142089844,94.4072494506836,38.217079162597656
140.0,5.625,29.523197174072266,177.27505493164062,41.68428039550781,134.47842407226562,38.217079162597656
141.0,5.625,25.854419708251953,175.36740112304688,43.027252197265625,137.34523010253906,38.217079162597656
142.0,5.625,24.861488342285156,174.60206604003906,43.390716552734375,138.0067596435547,38.217079162597656
143.0,5.625,23.753204345703125,173.82005310058594,43.796409606933594,138.78646850585938,38.217079162597656
144.0,5.625,23.137916564941406,173.2449188232422,44.021636962890625,139.16336059570312,38.217079162597656
145.0,5.625,22.44892120361328,172.66038513183594,44.273841857910156,139.61773681640625,38.217079162597656
146.0,5.625,22.02159881591797,172.18017578125,44.430274963378906,139.85841369628906,38.217079162597656
147.0,5.625,21.4671630859375,171.67095947265625,44.63322448730469,140.22122192382812,38.217079162597656
148.0,5.625,21.051715850830078,171.21803283691406,44.785301208496094,140.4732666015625,38.217079162597656
149.0,5.625,20.79506492614746,170.8207244873047,44.879249572753906,140.5944366455078,38.217079162597656
150.0,5.625,20.539684295654297,170.429931640625,44.97272872924805,140.72262573242188,38.217079162597656
151.0,5.625,20.26643943786621,170.04092407226562,45.072750091552734,140.87477111816406,38.217079162597656
152.0,5.625,20.090145111083984,169.68174743652344,45.137290954589844,140.9475555419922,38.217079162597656
153.0,5.625,19.689123153686523,169.27734375,45.28408432006836,141.23052978515625,38.217079162597656
154.0,5.625,19.557695388793945,168.9391632080078,45.33218765258789,141.27719116210938,38.217079162597656
155.0,5.625,19.373764038085938,168.59408569335938,45.39952087402344,141.3780517578125,38.217079162597656
156.0,5.625,19.186553955078125,168.25318908691406,45.46805191040039,141.48849487304688,38.217079162597656
157.0,5.625,19.09276580810547,167.93182373046875,45.502376556396484,141.5196990966797,38.217079162597656
158.0,5.625,18.919965744018555,167.6015167236328,45.56563186645508,141.6294403076172,38.217079162597656
159.0,5.625,18.715957641601562,167.27207946777344,45.64031219482422,141.77410888671875,38.217079162597656
160.0,5.625,18.58419418334961,166.95628356933594,45.68854904174805,141.85813903808594,38.217079162597656
161.0,5.625,18.57841682434082,166.6556396484375,45.69065856933594,141.8312225341797,38.217079162597656
162.0,5.625,18.54983139038086,166.35296630859375,45.70112228393555,141.83071899414062,38.217079162597656
163.0,5.625,18.419584274291992,166.04478454589844,45.748802185058594,141.92994689941406,38.217079162597656
164.0,5.625,18.282726287841797,165.74020385742188,45.79889678955078,142.04080200195312,38.217079162597656
165.0,5.625,18.251022338867188,165.442626953125,45.81050109863281,142.05921936035156,38.217079162597656
166.0,5.625,18.306913375854492,165.14682006835938,45.79004669189453,142.00132751464844,38.217079162597656
167.0,5.625,18.32456398010254,164.84939575195312,45.78358459472656,141.98419189453125,38.217079162597656
168.0,5.625,18.25912094116211,164.55325317382812,45.80753707885742,142.049560546875,38.217079162597656
169.0,5.625,18.18495750427246,164.2596893310547,45.834686279296875,142.12815856933594,38.217079162597656
170.0,5.625,18.126544952392578,163.96791076660156,45.85607147216797,142.19717407226562,38.217079162597656
171.0,5.625,18.137990951538086,163.67333984375,45.85187911987305,142.20639038085938,38.217079162597656
172.0,5.625,18.166872024536133,163.37730407714844,45.84130859375,142.20460510253906,38.217079162597656
173.0,5.625,18.182022094726562,163.0822296142578,45.83576202392578,142.22073364257812,38.217079162597656
174.0,5.625,18.174013137817383,162.7899932861328,45.83869552612305,142.26341247558594,38.217079162597656
175.0,5.625,18.168155670166016,162.49838256835938,45.84083557128906,142.30918884277344,38.217079162597656
176.0,5.625,18.201799392700195,162.20172119140625,45.828521728515625,142.32376098632812,38.217079162597656
177.0,5.625,18.319175720214844,161.8908233642578,45.785552978515625,142.26695251464844,38.217079162597656
178.0,5.625,18.435546875,161.5772705078125,45.742958068847656,142.21685791015625,38.217079162597656
179.0,5.625,18.452346801757812,161.28089904785156,45.7368049621582,142.2631378173828,38.217079162597656
180.0,5.625,18.525596618652344,160.9729766845703,45.709991455078125,142.26353454589844,38.217079162597656
181.0,5.625,18.689401626586914,160.64303588867188,45.65003204345703,142.18795776367188,38.217079162597656
182.0,5.625,18.824922561645508,160.3162384033203,45.600425720214844,142.1442108154297,38.217079162597656
183.0,5.625,18.820327758789062,160.02333068847656,45.602108001708984,142.2318878173828,38.217079162597656
184.0,5.625,18.8658447265625,159.71815490722656,45.58544158935547,142.28013610839844,38.217079162597656
185.0,5.625,18.992177963256836,159.3894805908203,45.53919982910156,142.26254272460938,38.217079162597656
186.0,5.625,19.168865203857422,159.04306030273438,45.474517822265625,142.2071533203125,38.217079162597656
187.0,5.625,19.33892059326172,158.6951904296875,45.41227722167969,142.16456604003906,38.217079162597656
188.0,5.625,19.474544525146484,158.355712890625,45.36262893676758,142.1588897705078,38.217079162597656
189.0,5.625,19.604246139526367,158.0162353515625,45.315155029296875,142.16505432128906,38.217079162597656
190.0,5.625,19.906219482421875,157.6114044189453,45.20461654663086,142.03079223632812,38.217079162597656
191.0,5.625,20.251018524169922,157.18336486816406,45.078399658203125,141.86929321289062,38.217079162597656
192.0,5.625,20.474761962890625,156.79574584960938,44.996498107910156,141.81944274902344,38.217079162597656
193.0,5.625,20.649930953979492,156.4241180419922,44.932376861572266,141.81845092773438,38.217079162597656
194.0,5.625,20.953393936157227,155.99513244628906,44.8212890625,141.7191925048828,38.217079162597656
195.0,5.625,21.333213806152344,155.52635192871094,44.68225860595703,141.5672149658203,38.217079162597656
196.0,5.625,21.788257598876953,155.0152587890625,44.51568603515625,141.36541748046875,38.217079162597656
197.0,5.625,22.344646453857422,154.4466552734375,44.31201934814453,141.09486389160156,38.217079162597656
198.0,5.625,22.810020446777344,153.90972900390625,44.14167022705078,140.91123962402344,38.217079162597656
199.0,5.625,23.24695587158203,153.37744140625,43.98172378540039,140.7633514404297,38.217079162597656
200.0,5.625,24.332990646362305,152.5044708251953,43.58417510986328,140.1241455078125,38.217079162597656
201.0,5.625,25.595722198486328,151.51304626464844,43.1219482421875,139.3743438720703,38.217079162597656
233.0,5.625,99.49815368652344,80.1331787109375,16.069698333740234,121.91259765625,38.217079162597656
234.0,5.625,98.7652587890625,80.127685546875,16.33797836303711,123.6611328125,38.217079162597656
235.0,5.625,98.1253433227539,80.07674407958984,16.572216033935547,125.36662292480469,38.217079162597656
236.0,5.625,97.53912353515625,80.01258087158203,16.78681182861328,127.04537963867188,38.217079162597656
237.0,5.625,97.13044738769531,79.82539367675781,16.936405181884766,128.66053771972656,38.217079162597656
238.0,5.625,96.75477600097656,79.63948059082031,17.07392120361328,130.2626495361328,38.217079162597656
239.0,5.625,96.50662994384766,79.37039184570312,17.16476058959961,131.8259735107422,38.217079162597656
240.0,5.625,96.31332397460938,79.08087921142578,17.235515594482422,133.3753662109375,38.217079162597656
241.0,5.625,96.27433776855469,78.68104553222656,17.24978256225586,134.88780212402344,38.217079162597656
242.0,5.625,96.25682067871094,78.28850555419922,17.25619888305664,136.4013214111328,38.217079162597656
243.0,5.625,96.4215316772461,77.7577133178711,17.195911407470703,137.88119506835938,38.217079162597656
244.0,5.625,96.61617279052734,77.22503662109375,17.124656677246094,139.36666870117188,38.217079162597656
245.0,5.625,96.93582916259766,76.60375213623047,17.007648468017578,140.84078979492188,38.217079162597656
246.0,5.625,97.35617065429688,75.91520690917969,16.853775024414062,142.31333923339844,38.217079162597656
247.0,5.625,97.9637680053711,75.0794677734375,16.631370544433594,143.7752227783203,38.217079162597656
248.0,5.625,98.62117767333984,74.22195434570312,16.39071273803711,145.25425720214844,38.217079162597656
249.0,5.625,99.53607177734375,73.15140533447266,16.055816650390625,146.726806640625,38.217079162597656
275.0,5.625,95.63906860351562,80.48831939697266,17.48233413696289,187.07522583007812,38.217079162597656
276.0,5.625,93.1203842163086,83.20182037353516,18.404308319091797,187.7680206298828,38.217079162597656
277.0,5.625,91.37779235839844,85.23600006103516,19.042186737060547,188.62620544433594,38.217079162597656
278.0,5.625,90.0937271118164,86.87740325927734,19.512226104736328,189.57774353027344,38.217079162597656
279.0,5.625,89.1233901977539,88.25739288330078,19.86742401123047,190.59222412109375,38.217079162597656
280.0,5.625,88.33267211914062,89.49529266357422,20.156864166259766,191.63421630859375,38.217079162597656
281.0,5.625,87.78215789794922,90.54238891601562,20.358383178710938,192.7349090576172,38.217079162597656
282.0,5.625,87.36228942871094,91.49488830566406,20.512083053588867,193.86111450195312,38.217079162597656
283.0,5.625,87.08148956298828,92.34799194335938,20.61486053466797,195.0218963623047,38.217079162597656
284.0,5.625,86.85059356689453,93.17790985107422,20.699384689331055,196.1848602294922,38.217079162597656
285.0,5.625,86.77422332763672,93.89970397949219,20.727344512939453,197.39816284179688,38.217079162597656
286.0,5.625,86.87415313720703,94.49897766113281,20.690763473510742,198.67803955078125,38.217079162597656
287.0,5.625,86.99817657470703,95.10195922851562,20.645360946655273,199.9600067138672,38.217079162597656
288.0,5.625,87.2443618774414,95.63121032714844,20.555246353149414,201.2921905517578,38.217079162597656
289.0,5.625,87.6374740600586,96.07022094726562,20.411354064941406,202.69146728515625,38.217079162597656
290.0,5.625,88.12867736816406,96.4608154296875,20.231544494628906,204.13844299316406,38.217079162597656
291.0,5.625,88.70048522949219,96.81912994384766,20.022228240966797,205.62734985351562,38.217079162597656
292.0,5.625,89.3908920288086,97.11865997314453,19.76949691772461,207.18125915527344,38.217079162597656
293.0,5.625,90.23348999023438,97.33782196044922,19.461063385009766,208.82281494140625,38.217079162597656
294.0,5.625,91.16789245605469,97.52587890625,19.119014739990234,210.52304077148438,38.217079162597656
295.0,5.625,92.23809814453125,97.65380859375,18.727272033691406,212.31015014648438,38.217079162597656
296.0,5.625,93.48683166503906,97.69536590576172,18.27016830444336,214.21365356445312,38.217079162597656
297.0,5.625,94.87580871582031,97.6836929321289,17.76172637939453,216.21624755859375,38.217079162597656
298.0,5.625,96.29603576660156,97.69993591308594,17.241844177246094,218.25503540039062,38.217079162597656
299.0,5.625,97.93659973144531,97.61561584472656,16.641319274902344,220.44854736328125,38.217079162597656
300.0,5.625,99.6458740234375,97.54121398925781,16.015625,222.7066192626953,38.217079162597656
98.0,0.0,99.49333953857422,254.2891845703125,25.076322555541992,124.87255859375,38.217079162597656
99.0,0.0,98.76783752441406,253.03237915039062,25.27623748779297,123.57917022705078,38.217079162597656
100.0,0.0,98.05245971679688,251.7667999267578,25.473356246948242,122.31535339355469,38.217079162597656
101.0,0.0,97.41880798339844,250.55593872070312,25.6479549407959,121.05298614501953,38.217079162597656
102.0,0.0,96.93411254882812,249.4574737548828,25.781513214111328,119.76124572753906,38.217079162597656
103.0,0.0,96.59562683105469,248.46652221679688,25.874780654907227,118.43476867675781,38.217079162597656
104.0,0.0,96.2340316772461,247.435302734375,25.974416732788086,117.14095306396484,38.217079162597656
105.0,0.0,96.00086975097656,246.4935302734375,26.03866195678711,115.8128662109375,38.217079162597656
106.0,0.0,95.85277557373047,245.60214233398438,26.0794734954834,114.4653091430664,38.217079162597656
107.0,0.0,95.73788452148438,244.71627807617188,26.111129760742188,113.11976623535156,38.217079162597656
108.0,0.0,95.75021362304688,243.91293334960938,26.10773277282715,111.72867584228516,38.217079162597656
109.0,0.0,95.8094711303711,243.1236114501953,26.091400146484375,110.32778930664062,38.217079162597656
110.0,0.0,95.9521713256836,242.37677001953125,26.05208396911621,108.89645385742188,38.217079162597656
111.0,0.0,96.18954467773438,241.6792449951172,25.986675262451172,107.42558288574219,38.217079162597656
112.0,0.0,96.47254943847656,240.9898681640625,25.908693313598633,105.93869018554688,38.217079162597656
113.0,0.0,96.86479187011719,240.35691833496094,25.800615310668945,104.3985824584961,38.217079162597656
114.0,0.0,97.35195922851562,239.76622009277344,25.666378021240234,102.80963134765625,38.217079162597656
115.0,0.0,97.90182495117188,239.19046020507812,25.514860153198242,101.18767547607422,38.217079162597656
116.0,0.0,98.59706115722656,238.689453125,25.323291778564453,99.48100280761719,38.217079162597656
117.0,0.0,99.38006591796875,238.21604919433594,25.107542037963867,97.72018432617188,38.217079162597656
148.0,0.0,27.110233306884766,173.4725799560547,45.02123260498047,134.40621948242188,38.217079162597656
149.0,0.0,25.363218307495117,172.52049255371094,45.50260925292969,135.85791015625,38.217079162597656
150.0,0.0,23.941158294677734,171.71351623535156,45.89445877075195,137.03622436523438,38.217079162597656
151.0,0.0,23.203279495239258,171.1321563720703,46.09777069091797,137.60325622558594,38.217079162597656
152.0,0.0,22.610015869140625,170.60887145996094,46.26124572753906,138.0494384765625,38.217079162597656
153.0,0.0,22.071393966674805,170.1158447265625,46.40966033935547,138.45623779296875,38.217079162597656
154.0,0.0,21.838411331176758,169.7052459716797,46.47386169433594,138.58750915527344,38.217079162597656
155.0,0.0,21.384639739990234,169.2564239501953,46.59889602661133,138.934326171875,38.217079162597656
156.0,0.0,21.057954788208008,168.8446044921875,46.68891143798828,139.17054748535156,38.217079162597656
157.0,0.0,20.820295333862305,168.45736694335938,46.754398345947266,139.33067321777344,38.217079162597656
158.0,0.0,20.629650115966797,168.0840301513672,46.80693054199219,139.4535675048828,38.217079162597656
159.0,0.0,20.322689056396484,167.70034790039062,46.89151382446289,139.6941375732422,38.217079162597656
160.0,0.0,20.224510192871094,167.35073852539062,46.91856384277344,139.7428741455078,38.217079162597656
161.0,0.0,20.06264877319336,166.9971923828125,46.963165283203125,139.8587646484375,38.217079162597656
162.0,0.0,19.949848175048828,166.65260314941406,46.99424743652344,139.93409729003906,38.217079162597656
163.0,0.0,19.845947265625,166.31187438964844,47.02287673950195,140.00704956054688,38.217079162597656
164.0,0.0,19.679288864135742,165.97096252441406,47.06879425048828,140.1462860107422,38.217079162597656
165.0,0.0,19.62352752685547,165.63919067382812,47.084163665771484,140.18504333496094,38.217079162597656
166.0,0.0,19.61181640625,165.30987548828125,47.0873908996582,140.18727111816406,38.217079162597656
167.0,0.0,19.432147979736328,164.9806365966797,47.13689422607422,140.35670471191406,38.217079162597656
168.0,0.0,19.39450454711914,164.65521240234375,47.147274017333984,140.39532470703125,38.217079162597656
169.0,0.0,19.36154556274414,164.33099365234375,47.15635299682617,140.4351043701172,38.217079162597656
170.0,0.0,19.366775512695312,164.00619506835938,47.154911041259766,140.44384765625,38.217079162597656
171.0,0.0,19.35060691833496,163.6829071044922,47.15936279296875,140.47879028320312,38.217079162597656
172.0,0.0,19.372575759887695,163.357421875,47.15331268310547,140.48281860351562,38.217079162597656
173.0,0.0,19.319915771484375,163.03907775878906,47.167823791503906,140.5639190673828,38.217079162597656
174.0,0.0,19.298368453979492,162.719482421875,47.17375946044922,140.6207733154297,38.217079162597656
175.0,0.0,19.330062866210938,162.39422607421875,47.16502380371094,140.63246154785156,38.217079162597656
176.0,0.0,19.338136672973633,162.07220458984375,47.162803649902344,140.67233276367188,38.217079162597656
177.0,0.0,19.34600257873535,161.7508544921875,47.16063690185547,140.71803283691406,38.217079162597656
178.0,0.0,19.409400939941406,161.42007446289062,47.143165588378906,140.71694946289062,38.217079162597656
179.0,0.0,19.460323333740234,161.0907745361328,47.12913131713867,140.73358154296875,38.217079162597656
180.0,0.0,19.61298942565918,160.73910522460938,47.087066650390625,140.6608123779297,38.217079162597656
181.0,0.0,19.786479949951172,160.37889099121094,47.03926086425781,140.5753631591797,38.217079162597656
182.0,0.0,19.985538482666016,160.0081024169922,46.984413146972656,140.4731903076172,38.217079162597656
183.0,0.0,20.130373001098633,159.64666748046875,46.94450759887695,140.4285125732422,38.217079162597656
184.0,0.0,20.219219207763672,159.29786682128906,46.920021057128906,140.44232177734375,38.217079162597656
185.0,0.0,20.349470138549805,158.93565368652344,46.884132385253906,140.4248046875,38.217079162597656
186.0,0.0,20.61526107788086,158.52886962890625,46.81089401245117,140.29104614257812,38.217079162597656
187.0,0.0,20.86656951904297,158.12034606933594,46.74164581298828,140.17898559570312,38.217079162597656
188.0,0.0,21.00455093383789,157.74490356445312,46.7036247253418,140.1772918701172,38.217079162597656
189.0,0.0,21.257041931152344,157.3262176513672,46.63405227661133,140.0808868408203,38.217079162597656
190.0,0.0,21.5532283782959,156.88563537597656,46.55244445800781,139.95472717285156,38.217079162597656
191.0,0.0,21.947675704956055,156.40003967285156,46.44375228881836,139.75192260742188,38.217079162597656
192.0,0.0,22.392074584960938,155.8847198486328,46.32129669189453,139.51681518554688,38.217079162597656
193.0,0.0,22.71428680419922,155.41000366210938,46.232513427734375,139.39956665039062,38.217079162597656
194.0,0.0,23.429443359375,154.7574005126953,46.035457611083984,138.9562530517578,38.217079162597656
195.0,0.0,24.10565185546875,154.1040496826172,45.84912872314453,138.56300354003906,38.217079162597656
196.0,0.0,25.038856506347656,153.314453125,45.59198760986328,137.97039794921875,38.217079162597656
197.0,0.0,27.868080139160156,151.59164428710938,44.81240463256836,135.81979370117188,38.217079162597656
284.0,0.0,98.40696716308594,80.61726379394531,25.375669479370117,201.8782196044922,38.217079162597656
285.0,0.0,96.50776672363281,82.9908447265625,25.898988723754883,202.488525390625,38.217079162597656
286.0,0.0,95.7073974609375,84.43504333496094,26.119531631469727,203.54022216796875,38.217079162597656
287.0,0.0,95.39641571044922,85.48307800292969,26.205217361450195,204.78961181640625,38.217079162597656
288.0,0.0,95.38005065917969,86.30718994140625,26.209726333618164,206.16160583496094,38.217079162597656
289.0,0.0,95.63520812988281,86.93344116210938,26.139415740966797,207.65676879882812,38.217079162597656
290.0,0.0,96.09661865234375,87.42156982421875,26.012277603149414,209.25218200683594,38.217079162597656
291.0,0.0,96.72024536132812,87.81233978271484,25.840438842773438,210.93231201171875,38.217079162597656
292.0,0.0,97.64846801757812,87.99825286865234,25.584672927856445,212.78167724609375,38.217079162597656
293.0,0.0,98.8338851928711,88.02523803710938,25.25803565979004,214.78529357910156,38.217079162597656
108.0,-5.625,99.90425109863281,249.47586059570312,34.27027130126953,108.98174285888672,38.217079162597656
109.0,-5.625,99.79084014892578,248.49447631835938,34.29095458984375,107.57279968261719,38.217079162597656
110.0,-5.625,99.82254028320312,247.60984802246094,34.28517150878906,106.10591125488281,38.217079162597656
156.0,-5.625,25.767873764038086,169.9498291015625,47.79167175292969,134.19764709472656,38.217079162597656
157.0,-5.625,24.41202163696289,169.27572631835938,48.03895568847656,135.4256591796875,38.217079162597656
158.0,-5.625,23.56205177307129,168.72702026367188,48.19397735595703,136.178466796875,38.217079162597656
159.0,-5.625,23.11082649230957,168.2629852294922,48.276275634765625,136.5550994873047,38.217079162597656
160.0,-5.625,22.801753997802734,167.83116149902344,48.332645416259766,136.80221557617188,38.217079162597656
161.0,-5.625,22.251548767089844,167.38272094726562,48.4329948425293,137.2930908203125,38.217079162597656
162.0,-5.625,22.059497833251953,166.98521423339844,48.46802520751953,137.44207763671875,38.217079162597656
163.0,-5.625,21.597822189331055,166.57350158691406,48.55222702026367,137.8625946044922,38.217079162597656
164.0,-5.625,21.576892852783203,166.20248413085938,48.5560417175293,137.858154296875,38.217079162597656
165.0,-5.625,21.564163208007812,165.83218383789062,48.55836486816406,137.85215759277344,38.217079162597656
166.0,-5.625,21.396835327148438,165.45840454101562,48.58888244628906,138.0045928955078,38.217079162597656
167.0,-5.625,21.267078399658203,165.09046936035156,48.612548828125,138.1266326904297,38.217079162597656
168.0,-5.625,21.146961212158203,164.726806640625,48.634456634521484,138.24559020996094,38.217079162597656
169.0,-5.625,21.09261131286621,164.36553955078125,48.64436721801758,138.3061981201172,38.217079162597656
170.0,-5.625,21.04800796508789,164.00582885742188,48.652503967285156,138.36349487304688,38.217079162597656
171.0,-5.625,20.976036071777344,163.64967346191406,48.665626525878906,138.45387268066406,38.217079162597656
172.0,-5.625,20.905942916870117,163.29623413085938,48.67841339111328,138.54852294921875,38.217079162597656
173.0,-5.625,20.916135787963867,162.93792724609375,48.67655563354492,138.57066345214844,38.217079162597656
174.0,-5.625,20.93496322631836,162.57891845703125,48.67312240600586,138.59063720703125,38.217079162597656
175.0,-5.625,20.90505027770996,162.2263641357422,48.67857360839844,138.66441345214844,38.217079162597656
176.0,-5.625,20.90238380432129,161.87161254882812,48.67906188964844,138.7177734375,38.217079162597656
177.0,-5.625,21.02261734008789,161.49769592285156,48.657135009765625,138.65817260742188,38.217079162597656
178.0,-5.625,21.188234329223633,161.11251831054688,48.62692642211914,138.56161499023438,38.217079162597656
179.0,-5.625,21.21762466430664,160.74993896484375,48.62156677246094,138.60353088378906,38.217079162597656
180.0,-5.625,21.25586700439453,160.3857421875,48.614593505859375,138.6433868408203,38.217079162597656
181.0,-5.625,21.46965217590332,159.98098754882812,48.575599670410156,138.52200317382812,38.217079162597656
182.0,-5.625,21.738422393798828,159.55694580078125,48.526580810546875,138.35629272460938,38.217079162597656
183.0,-5.625,21.902835845947266,159.1532745361328,48.4965934753418,138.2980194091797,38.217079162597656
184.0,-5.625,22.00077247619629,158.7646484375,48.47873306274414,138.31021118164062,38.217079162597656
185.0,-5.625,22.20426368713379,158.34324645996094,48.441619873046875,138.23077392578125,38.217079162597656
186.0,-5.625,22.54730796813965,157.8733673095703,48.379051208496094,138.02976989746094,38.217079162597656
187.0,-5.625,23.04166030883789,157.34449768066406,48.28888702392578,137.6988067626953,38.217079162597656
188.0,-5.625,23.44456672668457,156.83364868164062,48.21540451049805,137.4641876220703,38.217079162597656
189.0,-5.625,23.854434967041016,156.309814453125,48.140647888183594,137.23464965820312,38.217079162597656
190.0,-5.625,24.59800910949707,155.6492462158203,48.005035400390625,136.714111328125,38.217079162597656
191.0,-5.625,25.706737518310547,154.82403564453125,47.802818298339844,135.8812713623047,38.217079162597656
165.0,-11.25,25.728431701660156,166.08937072753906,50.24093246459961,133.4317626953125,38.217079162597656
166.0,-11.25,24.915176391601562,165.6206817626953,50.312068939208984,134.2257537841797,38.217079162597656
167.0,-11.25,24.588289260864258,165.18455505371094,50.340660095214844,134.5435791015625,38.217079162597656
168.0,-11.25,24.167926788330078,164.76048278808594,50.3774299621582,134.9620819091797,38.217079162597656
169.0,-11.25,24.065122604370117,164.34298706054688,50.38642120361328,135.07156372070312,38.217079162597656
170.0,-11.25,24.05691909790039,163.92518615722656,50.38713836669922,135.09410095214844,38.217079162597656
171.0,-11.25,23.901247024536133,163.51686096191406,50.4007568359375,135.2705535888672,38.217079162597656
172.0,-11.25,23.80629539489746,163.1096954345703,50.409061431884766,135.39361572265625,38.217079162597656
173.0,-11.25,23.782882690429688,162.69956970214844,50.411109924316406,135.4526824951172,38.217079162597656
174.0,-11.25,23.853498458862305,162.28038024902344,50.404930114746094,135.42578125,38.217079162597656
175.0,-11.25,23.574382781982422,161.90487670898438,50.42934799194336,135.7517852783203,38.217079162597656
176.0,-11.25,23.68425750732422,161.4828338623047,50.419734954833984,135.70034790039062,38.217079162597656
177.0,-11.25,23.934894561767578,161.03501892089844,50.39781188964844,135.5182647705078,38.217079162597656
178.0,-11.25,24.001333236694336,160.61314392089844,50.39200210571289,135.5252227783203,38.217079162597656
179.0,-11.25,24.23514175415039,160.15716552734375,50.371551513671875,135.37635803222656,38.217079162597656
180.0,-11.25,24.426008224487305,159.7039031982422,50.354854583740234,135.27809143066406,38.217079162597656
181.0,-11.25,24.705184936523438,159.2252960205078,50.33043670654297,135.10293579101562,38.217079162597656
182.0,-11.25,25.22519874572754,158.6790313720703,50.284950256347656,134.7050323486328,38.217079162597656
183.0,-11.25,25.18377685546875,158.266357421875,50.28857421875,134.8580780029297,38.217079162597656
184.0,-11.25,26.239330291748047,157.54730224609375,50.19624710083008,133.9701690673828,38.217079162597656
185.0,-11.25,27.259733200073242,156.8058319091797,50.10699462890625,133.13369750976562,38.217079162597656
